#############################################################################################################################
#  MOLOPT basis sets optimized with PBE pseudopotentials (new version)
#############################################################################################################################
#
# DZ-MOLOPT-GGA-GTH-qX
#
#############################################################################################################################
# Hydrogen
#############################################################################################################################

H DZ-MOLOPT-PBE-GTH-q1 DZ-MOLOPT-GGA-GTH-q1
 1
 2 0 0 5 2
         9.58664174435792     2.81884542432937E-02    -1.19160988255386E-02 
         2.20235986412966     1.37112096750279E-01    -4.85015418756945E-02 
         0.60409425990597     4.21114159535371E-01    -1.07830568846420E-01 
         0.14649778504517     8.25868105506075E-01    -3.30879704788542E-01 
         0.13952579682924     3.47865521313538E-01     9.36160668051038E-01 

#############################################################################################################################
# Helium
#############################################################################################################################

He DZ-MOLOPT-PBE-GTH-q2 DZ-MOLOPT-GGA-GTH-q2
 1
 2 0 0 5 2
        38.83834951325591     1.06134690974144E-02    -6.86210855294708E-03  
         7.26157718348106     1.85160969106321E-01    -1.21821045300945E-01  
         1.69839295227130     4.95861714533927E-01    -3.78741980527447E-01  
         0.49094249383918     6.89853154644554E-01    -3.12396348927539E-01  
         0.15326473021556     4.93787965507218E-01     8.62598155429794E-01  

#############################################################################################################################
# Lithium 
#############################################################################################################################

Li DZ-MOLOPT-PBE-GTH-q3 DZ-MOLOPT-GGA-GTH-q3
 1
 2 0 0 5 3
         7.13002679057289     4.55192406518897E-01     7.95670549627334E-02    -2.70911985755654E-02 
         1.98345055482154     6.69094143675926E-01     2.36260965452838E-01     2.64320868175509E-02 
         0.61054853394678     4.61085747485362E-01     3.02538761493955E-01     3.84777415196574E-02 
         0.10464690341681     3.24274183687255E-01    -7.83136879919911E-01    -5.09320733865311E-01 
         0.03818397374492     1.65405825792032E-01    -4.82718101039169E-01     8.58882567763869E-01 

#############################################################################################################################
# Beryllium
#############################################################################################################################

Be DZ-MOLOPT-PBE-GTH-q4 DZ-MOLOPT-GGA-GTH-q4
 1
 2 0 0 6 3
        15.02090627119885    -2.42097685248685E-01     6.99518272772564E-02     5.05034598173260E-02 
         6.80740495343491    -5.32940552673258E-01     1.67004071018518E-01     1.22899574931735E-01 
         2.10807679826291    -6.69376843705680E-01     3.54976293810702E-01    -1.33888864836140E-01 
         0.65753335908566    -2.03814178566993E-01     1.32667084059432E-01     2.00949523076056E-01 
         0.21492308172976    -2.96963442610730E-01    -7.04427366544025E-01     6.08786298192225E-01 
         0.06437460992642    -2.82081927092147E-01    -5.72179817039408E-01    -7.43920290898078E-01 

#############################################################################################################################
# Boron
#############################################################################################################################

B DZ-MOLOPT-PBE-GTH-q3 DZ-MOLOPT-GGA-GTH-q3
 1
 2 0 1 5 2 2
         3.57523327572698    -1.68920886782980E-01     2.11171336429927E-01    -8.53042325974634E-02     1.08293970887742E-01
         1.34769898315049    -2.76828770226591E-01     1.56828739646374E-01    -1.76539118064018E-01     2.35069301039393E-01
         0.61455302434007     4.35339134125271E-01    -3.67291895914691E-01    -3.99702258996559E-01     4.55860014199156E-01
         0.25352274278237     7.42130620863902E-01    -1.44347353332841E-01    -6.59199688218460E-01     3.57274391920238E-01
         0.08513736405744     3.93132987497238E-01     8.80381688742175E-01    -6.06012378503829E-01    -7.73021019061309E-01

#############################################################################################################################
# Carbon 
#############################################################################################################################

C DZ-MOLOPT-PBE-GTH-q4 DZ-MOLOPT-GGA-GTH-q4
 1
 2 0 1 5 2 2
         5.59901014838892    -1.83155884314756E-01     2.71865072691389E-01    -1.00123645515581E-01     6.82447687229518E-02  
         2.00851706576486    -2.26760185784623E-01     1.69561479342994E-01    -2.97554402435039E-01     2.24325818590448E-01  
         0.75555690239755     5.42190226432892E-01    -1.27427898475984E-01    -6.37108775555108E-01     2.50865801382500E-01  
         0.29215774678590     7.67230367968930E-01    -1.51970274923640E-02    -6.51044286483991E-01     2.75189905555843E-02  
         0.10532796426014     1.80058493303461E-01     9.38546465561994E-01    -2.67713239021569E-01    -9.38791581508481E-01  

#############################################################################################################################
# Nitrogen
#############################################################################################################################

N DZ-MOLOPT-PBE-GTH-q5 DZ-MOLOPT-GGA-GTH-q5
 1
 2 0 1 5 2 2
         7.67729137915484    -1.57743090618499E-01     4.64767274259296E-02    -1.02158523708243E-01     4.82409952132264E-02 
         2.81966237794259    -1.74044102679302E-01     4.24004069220353E-02    -2.98226721897575E-01     1.34580220978959E-01 
         1.09114390677598     4.41288051809814E-01    -9.13540901978963E-02    -5.60270180894578E-01     2.83662239065009E-01 
         0.43100900982055     8.58813021027908E-01    -6.51904223705357E-02    -6.89335539768301E-01     1.57118280926414E-01 
         0.13893847703177     1.11941135993420E-01     9.91688841490055E-01    -3.33973496542287E-01    -9.35099219564131E-01 

#############################################################################################################################
# Oxygen
#############################################################################################################################

O DZ-MOLOPT-PBE-GTH-q6 DZ-MOLOPT-GGA-GTH-q6
 1
 2 0 1 5 2 2
        10.27704242406505    -1.49868256024880E-01     4.87596886258794E-02    -9.24779725877624E-02     6.96521980106397E-02 
         3.56405253880618    -1.50283608564945E-01     3.88821197655349E-02    -2.90527105694297E-01     2.15775427853434E-01 
         1.31363563226775     5.39068797289606E-01    -1.25699044360202E-01    -5.18398147191831E-01     3.67414070470753E-01 
         0.48890324671371     8.02346121882746E-01    -7.57512538516891E-02    -6.26250099252499E-01     2.67796450584559E-01 
         0.15533153369410     1.43526566604286E-01     9.87204219659982E-01    -4.96100795824058E-01    -8.61325430903662E-01 

#############################################################################################################################
# Fluor 
#############################################################################################################################

F DZ-MOLOPT-PBE-GTH-q7 DZ-MOLOPT-GGA-GTH-q7
 1
 2 0 1 5 2 2
        13.23012792425667     1.41095120428640E-01    -8.82775774552689E-03    -1.00288729731783E-01     4.19812353596362E-02 
         4.65895757436792     1.43335048965262E-01    -2.28265043911868E-02    -3.16315651405353E-01     1.15887868146056E-01 
         1.66107055397043    -5.45747867506237E-01    -2.21552190121803E-02    -5.80372817135959E-01     2.25423260614070E-01 
         0.58284503545941    -8.13241514395457E-01     3.21197447360922E-02    -6.55459714578306E-01     2.39845543847101E-01 
         0.18405940715123    -1.85670435323358E-02    -9.98938681631198E-01    -3.51321128114135E-01    -9.36197653578052E-01 

#############################################################################################################################
# Neon
#############################################################################################################################

Ne DZ-MOLOPT-PBE-GTH-q8 DZ-MOLOPT-GGA-GTH-q8
 1 
 2 0 1 5 2 2
        23.44931735321249     4.76332486470554E-02    -3.63092067444622E-02    -4.03442616044979E-02     1.66049557593035E-02 
         8.28086305335605     1.76176584529199E-01    -1.01904740913275E-01    -2.47391879610976E-01     1.23799056500403E-01 
         2.54586272804216    -3.68199787190082E-01     1.70229345348484E-01    -5.72032252811936E-01     2.68124119560452E-01 
         0.79769551662061    -6.48299077415554E-01     6.21441424416916E-01    -6.45839723499650E-01     3.24863391855872E-01 
         0.23522224983943    -6.40960301128139E-01    -7.57053228832615E-01    -4.39135231734980E-01    -8.98315814285640E-01 

#############################################################################################################################
# Sodium
#############################################################################################################################

Na DZ-MOLOPT-PBE-GTH-q9 DZ-MOLOPT-GGA-GTH-q9
 1
 2 0 1 7 3 1
        23.79081214840574     7.44807862733427E-02     1.40467025541270E-02     7.35104697145907E-04    -6.08291751466791E-02 
        10.05759994065551     2.10980261681734E-01     4.31478801418365E-02    -2.36227121374802E-03    -2.61904439017521E-01 
         3.48660883997075    -3.31139441549082E-01    -7.71333510903173E-02     1.23397103402561E-02    -5.67406887836641E-01 
         1.26095388158312    -7.93525476134685E-01    -2.47005638659837E-01     5.72013947237595E-02    -6.49625226259722E-01 
         0.46367206976262    -2.55159953256282E-01    -3.09380064089506E-01     2.92885769948760E-01    -3.82579781379566E-01 
         0.16057431223610    -3.01762081198886E-01     3.90550614448030E-01    -8.06991996922374E-01    -1.15368099696207E-01 
         0.04108212236768    -2.33317327340609E-01     8.26277075020652E-01     5.09461925909025E-01    -1.55129873875036E-01 

#############################################################################################################################
# Magnesium
#############################################################################################################################

Mg DZ-MOLOPT-PBE-GTH-q10 DZ-MOLOPT-GGA-GTH-q10
 1
 2 0 1 7 3 1
        30.66511264805410     5.05101591298220E-02     5.44261196570683E-02    -4.14857279921781E-03     5.91514290824296E-02 
        12.27585863903791     1.61416482178386E-01     1.70214301970214E-01    -2.26251016492683E-02     2.50962587524142E-01 
         4.27200977614451    -2.58213242998081E-01    -2.58731881434535E-01     3.18864254767536E-02     5.69067736629913E-01 
         1.49576890730141    -6.57888920467221E-01    -5.09953517184983E-01    -1.73036739689866E-01     6.28246455329401E-01 
         0.53746463134226    -3.10558327844975E-01    -1.19925280981795E-01     2.26984011540388E-02     3.22159879581595E-01 
         0.15046849346346     3.39744820628441E-01    -5.89253733403952E-01     7.22930512848367E-01     2.79327587309031E-01 
         0.05346306902009     5.09929911296646E-01    -5.28647403658451E-01    -6.67359492990663E-01     1.82143628902392E-01 

#############################################################################################################################
# Aluminium
#############################################################################################################################

Al DZ-MOLOPT-PBE-GTH-q3 DZ-MOLOPT-GGA-GTH-q3
 1
 2 0 1 4 2 2
         0.93255672866082     1.44068158731867E-01    -5.87219876794402E-01     7.56100004481059E-02    -1.32585413373516E-01 
         0.31986612081442     2.04290223535817E-02     6.82252958437941E-01    -3.91596331972907E-01     8.17680891662171E-01 
         0.13831594273608    -9.05064591600738E-01     1.08202434436058E-01    -7.83206805096242E-01    -8.43487291779434E-02 
         0.04718609184019    -3.99606188285263E-01    -4.21895662673078E-01    -4.76993229583544E-01    -5.53808955739430E-01 

#############################################################################################################################
# Silicon
#############################################################################################################################

Si DZ-MOLOPT-PBE-GTH-q4 DZ-MOLOPT-GGA-GTH-q4
 1
 2 0 1 4 2 2
         1.22572561638461     4.42121058209490E-01    -3.96859545970688E-01     1.31087356821012E-01     8.13138319797660E-02  
         0.42099053879393    -3.88451199997312E-01     3.23694264374270E-01    -7.64556078997668E-01    -4.88986914503462E-01  
         0.16952356596164    -8.08290311232822E-01    -3.89084524937603E-01    -6.31075765457445E-01     6.12884924801084E-01  
         0.04752233180448     1.73611023704017E-02    -7.65726946396181E-01     3.67222026729945E-03     6.15346997331359E-01  

#############################################################################################################################
# Phosphorous
#############################################################################################################################

P DZ-MOLOPT-PBE-GTH-q5 DZ-MOLOPT-GGA-GTH-q5
 1
 2 0 1 4 2 2
         1.52997442810250     3.72140622491875E-01     2.94912996620757E-01     1.42007115981761E-01     1.02489790741895E-01
         0.57215623734269    -2.86654463183099E-01    -3.54714954358767E-01    -6.90107171500210E-01    -4.44463997488106E-01
         0.22147285204987    -8.55355955675672E-01     2.06831186295467E-02    -7.04204434492490E-01     3.54647334824100E-01
         0.07588507590177    -2.18418783346870E-01     8.87003852405490E-01    -8.76480763943743E-02     8.16194134769871E-01

#############################################################################################################################
# Sulfur
#############################################################################################################################

S DZ-MOLOPT-PBE-GTH-q6 DZ-MOLOPT-GGA-GTH-q6
 1
 2 0 1 4 2 2
         1.90928473004308     3.15669989593405E-01    -1.65456324788273E-01     2.12914054759076E-01     1.55419933935669E-01 
         1.19506924590343    -6.18859553620396E-02    -9.38673161414144E-02    -3.46018377109546E-01    -2.07811881091118E-01 
         0.37255650459583    -7.61235407877732E-01     5.43670742015259E-01    -8.19216679563436E-01    -3.21721314227604E-01 
         0.11964558871342    -5.63065928637358E-01    -8.17456577332731E-01    -4.04750441523642E-01     9.10579080686827E-01 

#############################################################################################################################
# Chlor
#############################################################################################################################

Cl DZ-MOLOPT-PBE-GTH-q7 DZ-MOLOPT-GGA-GTH-q7
 1
 2 0 1 4 2 2
         1.99824811943664     4.33846894941631E-01     3.07041170622732E-01     3.45339975324402E-01     1.79965250304009E-01
         1.50363082119869    -3.38194302379175E-01    -3.89997660747777E-02    -4.97369383451272E-01    -2.01781984518266E-01
         0.40650884550636    -5.13548002397481E-01    -6.29188376955880E-01    -6.70835040884209E-01    -3.34082727506389E-01
         0.12853799110242    -6.58536206158268E-01     7.12970352884578E-01    -4.28187278851352E-01     9.02931487206409E-01

#############################################################################################################################
# Argon
#############################################################################################################################

Ar DZ-MOLOPT-PBE-GTH-q8 DZ-MOLOPT-GGA-GTH-q8
 1
 2 0 1 5 2 2
        24.19812352591251     9.66820357010389E-04    -4.97869083544729E-03     4.25519352514096E-03    -4.17349096362779E-04 
         2.28358816639044     3.18662421514700E-01     4.61064710060886E-01     2.48743502651932E-01    -2.68239513806409E-01 
         1.67494008137116    -2.51746806656682E-01    -2.91738796495174E-01    -3.99031269292918E-01     4.01932921304351E-01 
         0.45680390084308    -3.59630721232077E-01    -6.42914353656466E-01    -4.72198785688915E-01     5.69285810558750E-01 
         0.14119791024647    -8.40084886221056E-01     5.37535258616653E-01    -7.45594337516661E-01    -6.65139821181119E-01 

#############################################################################################################################
# Potassium
#############################################################################################################################

K DZ-MOLOPT-PBE-GTH-q9 DZ-MOLOPT-GGA-GTH-q9
 1
 2 0 1 6 3 1
         2.48747977586520    -4.04541449491646E-01     3.96810704822150E-01     4.38515247662444E-01     5.73885817114187E-01
         2.27394291855764     2.40062434349072E-01    -3.01093053424306E-01    -4.05959872277501E-01    -6.58998983969840E-01
         0.70553141160975     1.65018427547841E-01    -2.24132654574817E-01    -2.34500961442699E-01    -3.72473022526282E-01
         0.27115084058935    -4.39965204747534E-02    -2.49999696936685E-01    -1.48434991047682E-01    -2.46890361973185E-01
         0.09276063298934     7.63919901792343E-01    -8.51616896026069E-02     6.25087992363735E-01     3.81680041314524E-02
         0.03061539107740     4.07401339785384E-01     7.94919133640030E-01    -4.18500076446565E-01     1.87690191958470E-01


#############################################################################################################################
# Calcium
#############################################################################################################################

Ca DZ-MOLOPT-PBE-GTH-q10 DZ-MOLOPT-GGA-GTH-q10
 1
 2 0 1 6 3 1
         9.79125362187315    -2.29474955896146E-02     1.20990089869769E-02     3.54534324945803E-02    -1.04631435944225E-02
         3.44709760414526     1.93326463060225E-01    -2.56207128784292E-01    -4.30965169118858E-01    -1.37478850430931E-01
         1.83871973182204    -2.04420827325679E-01     9.34416414362247E-02     2.28872631409095E-01     4.22089027931826E-01
         0.68597627400877     4.83005956888190E-01     7.24720433045942E-01     3.70600378058847E-01     6.76619426240046E-01
         0.24723511439051    -7.42985846277408E-01     6.73078158546663E-02     4.01007488143952E-01     3.94892727309308E-01
         0.05478691422624     3.67406715132210E-01    -6.29070848663267E-01     6.80057166683581E-01     4.34829652579819E-01

#############################################################################################################################
# Scandium
#############################################################################################################################

Sc DZ-MOLOPT-PBE-GTH-q11 DZ-MOLOPT-GGA-GTH-q11
 1
 2 0 2 6 3 2 1
         7.68617053468943     8.06930183293552E-03    -2.62951516575970E-04    -5.72827528962816E-03    -1.27751553534965E-01     3.62892038278951E-02     7.89318488556833E-02
         3.41166750466188     4.32428743503191E-01     7.45801572865523E-02    -2.37178571728918E-01     8.49556349410204E-02    -3.17062163358727E-02     2.76937681684459E-01
         1.38844133752688    -4.75038713109880E-01     3.11859431297560E-02     3.42441231893845E-01     6.56837025444604E-01    -2.42507939356112E-01     4.76654608336185E-01
         0.53810669356660    -2.87392584435197E-01     3.54410272839069E-01     5.97818351346859E-01     6.24779690005724E-01    -2.94570324713192E-01     6.70737613813119E-01
         0.18489466702874    -4.54734749778551E-01    -7.85950296349761E-01    -1.62690555086824E-01     3.00145103158436E-01     5.25971961035273E-01     4.88836649065298E-01
         0.05098319348379    -5.45802435834236E-01     5.00140638341437E-01    -6.65276270997491E-01     2.54146529924411E-01     7.58583897063157E-01     3.20226794355580E-02

#############################################################################################################################
# Titanium
#############################################################################################################################

Ti DZ-MOLOPT-PBE-GTH-q12 DZ-MOLOPT-GGA-GTH-q12
 1
 2 0 2 6 3 2 1
         7.52813617037931     9.78819669604660E-03    -2.58235426060033E-02     4.91109877271473E-03    -1.59869630500330E-01     2.05005669785179E-02     9.77852246558982E-02 
         3.76530310152889     2.10462951428122E-01    -4.19532548633838E-01     1.33329593574960E-01     1.31963265680309E-01    -1.93758918787209E-02     2.89874736263919E-01 
         1.52742931271587    -3.63862195449964E-01     5.07147283458021E-01    -6.39855815561098E-02     6.84103244429066E-01    -2.36867231057107E-01     5.06114769508992E-01 
         0.59638700563166    -6.26664000822425E-01     2.84789581768631E-01     2.57719237615822E-01     6.22693892697166E-01    -2.03857195451640E-01     6.29254667788640E-01 
         0.20858183742565     2.98902556143816E-01     4.08576349055112E-01    -7.60306954885257E-01     2.76740483697249E-01     7.02699314671056E-01     5.00551654018187E-01 
         0.05860047697624     5.84091886613622E-01     5.63992446114365E-01     5.77597675596721E-01     1.57153330849092E-01     6.38556288389851E-01     6.11974830008900E-02 

#############################################################################################################################
# Vanadium
#############################################################################################################################

V DZ-MOLOPT-PBE-GTH-q13 DZ-MOLOPT-GGA-GTH-q13
 1
 2 0 2 6 3 2 1
         7.33442219698472     8.27825761961714E-02     7.55011658547867E-02     2.24511235524045E-02    -1.83579503640807E-01     3.57180401864135E-02     1.40590997734590E-01
         3.71180865126492     3.47305780415066E-01     2.27060968905872E-01    -4.69617631181605E-02     2.27317946465339E-01    -5.54382379165022E-02     3.54293109697276E-01
         1.52733194631141    -5.48399617008117E-01    -3.65860899789597E-01     3.63857440971976E-01     6.92745649304493E-01    -3.32978321369422E-01     5.71040303624255E-01
         0.59629749846074    -1.01757099618302E-01    -4.72373457722919E-01     3.94696315466647E-01     5.39593940777681E-01    -1.80643198550142E-01     6.66097442307729E-01
         0.21465533405075    -5.39057602096820E-01    -1.11723359065070E-01    -7.79365563349408E-01     2.96134776157562E-01     6.48082113478254E-01     2.70864233148312E-01
         0.06343681403080    -5.20428664019244E-01     7.57145890722093E-01     3.18908199530063E-01     2.36370801609666E-01     6.57368899391423E-01    -1.07565328827752E-01

#############################################################################################################################
# Chromium
#############################################################################################################################

Cr DZ-MOLOPT-PBE-GTH-q14 DZ-MOLOPT-GGA-GTH-q14
 1
 2 0 2 6 3 2 1
         7.37510391225826     1.27176694625627E-01     5.13119782042861E-02     5.98208076428287E-02    -1.55672601967280E-01    -1.14035896996912E-02     2.65318262197898E-01
         3.45205261103288     3.24083052551079E-01     1.18741526671947E-01     1.09287647576847E-01     2.04080324263844E-01    -1.42179528270244E-02     3.65428936713284E-01
         1.55292227491782    -6.57768034335244E-01    -4.84949935054435E-01    -1.81800894902330E-01     7.85462991047983E-01    -2.66060468518964E-01     6.54447654196910E-01
         0.57874907706734    -2.58120911169423E-01    -3.98997215306003E-01     2.70392411081176E-01     5.12662060656786E-01    -2.80152473035182E-02     6.05515199770445E-01
         0.20150210515076    -3.04620979785585E-01     4.78694779048724E-01    -7.29496223146252E-01     2.21111466641056E-01     9.03842315561069E-01    -3.27071454407864E-02
         0.06993264444500    -5.35459737320708E-01     5.99786313545604E-01     5.88344559011004E-01     7.38409291791185E-02     3.33412431637705E-01     6.91124859346694E-03

#############################################################################################################################
# Mangan
#############################################################################################################################

Mn DZ-MOLOPT-PBE-GTH-q15 DZ-MOLOPT-GGA-GTH-q15
 1
 2 0 2 6 3 2 1
         7.84483957911887     1.84547840357355E-01     5.34950135182282E-02     7.47665568141734E-02    -1.41644193234772E-01     1.73559764938431E-02     2.38423000487411E-01
         3.84362830743163     2.37228597432717E-01     1.14637694722424E-01     9.37427116740569E-02     2.73084494087093E-01    -7.59800304299479E-02     3.76862718630841E-01
         1.68083261404695    -6.88387993660475E-01    -4.91597327895646E-01    -4.95888273545769E-02     7.10399487584923E-01    -4.20529320874721E-01     6.01640518399405E-01
         0.62762838600659    -1.99662112058069E-01    -4.36946093666132E-01     2.91505451921794E-02     5.04636603835451E-01    -4.52199661388643E-02     6.07151975327814E-01
         0.20915226996615    -3.88689442045788E-01     5.35309651223154E-01    -7.12067911586812E-01     3.08571924720631E-01     7.09097021099525E-01     2.61436415545533E-01
         0.05908643708107    -4.94815335265888E-01     5.14636024992932E-01     6.89400282270859E-01     2.25432062925338E-01     5.58764229949121E-01    -4.66382916398509E-02

#############################################################################################################################
# Iron 
#############################################################################################################################

Fe DZ-MOLOPT-PBE-GTH-q16 DZ-MOLOPT-GGA-GTH-q16
 1
 2 0 2 6 3 2 1
         8.43104761335522    -1.79146379436825E-01    -4.76936872452124E-02    -4.01140952923715E-02    -1.07414592649052E-01    -2.92678069498313E-02     1.87833758037925E-01 
         4.91235622506683    -3.01481979984569E-01    -7.98704764114657E-02    -1.51913022631677E-01     1.93370505146955E-01     1.47926873641713E-02     3.22029325756076E-01 
         2.20583190310894     6.94237497919697E-01     9.79133425900441E-02     1.95235907297239E-01     7.67363088245349E-01     1.37007305042960E-02     5.40824382984301E-01 
         0.87239412493975     6.23725236813312E-01    -2.26214105587703E-01    -3.85779918474394E-01     5.97224482831072E-01    -3.63352353140361E-02     5.72085974464571E-01 
         0.30308466691437     7.50033748960948E-02     2.98115971717021E-01     7.97470670068009E-01     5.64213945312189E-02     7.03040306017574E-01     4.64263087412804E-01 
         0.09488269803889     1.97689068446640E-02     9.17449204249466E-01    -3.90398025480121E-01    -4.86146806028915E-02     7.09331333475360E-01     1.60318442329450E-01 

#############################################################################################################################
# Cobalt
#############################################################################################################################

Co DZ-MOLOPT-PBE-GTH-q17 DZ-MOLOPT-GGA-GTH-q17
 1
 2 0 2 6 3 2 1
        15.00154284460954    -2.53503186716526E-01    -1.19032703639895E-01     9.13017977384246E-01     1.27816301375461E-02     9.71288412335750E-03     1.86472101094259E-02 
         6.41468577143799     3.92226248359236E-01     1.71959343853661E-01     1.22869268595973E-01    -5.37474875200477E-02    -5.35804372749676E-02     4.16854714585579E-01 
         2.35197007042779    -5.39425443349975E-01    -3.59007640517106E-01    -3.77128919891866E-01    -8.00535998145371E-01    -2.95729424947171E-01     5.83501337241014E-01 
         0.84393804193608    -2.31302495003818E-01    -6.26435374724902E-01     7.90756201828736E-02    -4.61652928929955E-01    -2.35459836302695E-01     5.46673933100044E-01 
         0.30095668687951    -3.96125717936588E-01     3.97762924261859E-01    -4.07754876546612E-02    -3.23674360971427E-01     7.52761259065065E-01     4.12356412119511E-01 
         0.09303673844269    -5.29621059705446E-01     5.26059018506347E-01     3.40514241741052E-02    -1.95451872464388E-01     5.36179126955658E-01     1.28531778847533E-01 

#############################################################################################################################
# Nickel
#############################################################################################################################

Ni DZ-MOLOPT-PBE-GTH-q18 DZ-MOLOPT-GGA-GTH-q18
 1
 2 0 2 6 3 2 1
        11.73669475001206    -1.25248764981890E-01     8.30852865231855E-02    -1.68389499959926E-02    -1.20110369248195E-01    -8.02824487074884E-03     8.91846936067260E-02 
         6.03381109729921    -2.93699819710887E-01     8.93174728179913E-02     1.33230223166965E-02     2.40355180619875E-01    -1.47711447178939E-02     4.44486248882585E-01 
         2.29436668814689     7.95451988398680E-01    -2.25311567200343E-01    -1.41161551725747E-01     8.40829582079070E-01    -2.17003970541662E-01     6.17091792830900E-01 
         0.76967963004694     3.76653283815897E-01     1.91383674509695E-02    -3.60506265331783E-01     4.25774624429205E-01    -2.09417609699002E-02     5.64527395226885E-01 
         0.23328055211468     1.11775897814720E-01    -5.33878650145504E-01     7.82170086755282E-01     1.84452336909370E-01     8.98705306726655E-01     3.06312143924184E-01 
         0.05675177430974     3.33088200606544E-01     8.05581300495871E-01     4.87706419063277E-01     7.41741521679034E-02     3.80153721073463E-01     3.40216802087555E-02 

#############################################################################################################################
# Copper
#############################################################################################################################

Cu DZ-MOLOPT-PBE-GTH-q11 DZ-MOLOPT-GGA-GTH-q11
 1
 2 0 2 6 2 2 1
         5.66855211121182     7.29964987458961E-03    -1.08690939722321E-02    -1.47474373328779E-03     2.76943263257197E-03     4.71438080644581E-01   
         2.49289586864896    -7.14714455670700E-02     7.06737440703453E-02     4.23201757882215E-04    -2.01198485248930E-02     6.14295458081129E-01   
         0.92031936392706     5.09970022580419E-01    -3.95548229895444E-01    -1.26227203740117E-01     4.38770029230753E-01     5.16829809034905E-01   
         0.34839806900614    -2.79029926186879E-01     6.06739907992440E-01     3.63910335816692E-01    -6.70404020434377E-01     3.38100720367950E-01   
         0.13206837570391    -7.34144369547825E-01    -2.06436023334473E-01     6.44309413615408E-01    -1.33185000132628E-01     1.35672888867783E-01   
         0.05101856451598    -3.43428986259110E-01    -6.53972120843892E-01     6.60680699036604E-01     5.82999647094378E-01     2.35572686221583E-02   

#############################################################################################################################
# Zink
#############################################################################################################################

Zn DZ-MOLOPT-PBE-GTH-q12 DZ-MOLOPT-GGA-GTH-q12
 1
 2 0 2 6 2 2 1
         6.10427458848288     7.49909695305268E-03    -9.12126041559537E-03     2.45842807258181E-03     9.35763491923062E-04     5.31992074290442E-01 
         2.63826692509282    -3.45087021233414E-02     8.88260299214771E-02    -2.05950597817278E-02    -1.57363307189664E-02     6.22085055348712E-01 
         1.00068434623271     2.84011527066234E-01    -4.58715131760198E-01    -5.27609919563166E-02    -2.19777611860460E-01     5.08895210426292E-01 
         0.37691081428357    -8.16675405889788E-02     4.45143863749929E-01     1.85391191331405E-01     5.36092973664801E-01     2.60619445318788E-01 
         0.13919291701003    -7.21723036541714E-01     3.51833659529384E-01    -1.84834950984729E-02     8.08951786262653E-01     5.51897887937550E-02 
         0.04797928382421    -6.24929305486078E-01    -6.77987598337160E-01    -9.80853987073230E-01     9.82375928898793E-02    -7.20232905042355E-03 

#############################################################################################################################
# Gallium
#############################################################################################################################

Ga DZ-MOLOPT-PBE-GTH-q13 DZ-MOLOPT-GGA-GTH-q13
 1
 2 0 2 6 2 2 1
         6.93181143582740    -5.25922004285201E-03     6.86030052979046E-03    -2.51331077687526E-03     5.10623534859551E-04    -4.92181309641249E-01 
         3.01656447397946    -1.48615548285917E-02    -4.82983759170633E-02     2.02987429358091E-02    -2.13010036960508E-02    -6.10380904630582E-01 
         1.10154483600156     4.01248950871096E-01     3.52468529188874E-01     1.33450451355874E-01    -1.72653030419605E-01    -4.80974524787380E-01 
         0.40429913834530    -2.68052946527183E-01    -4.34387846771425E-01    -3.62845354157947E-01     5.18953771543878E-01    -3.63556802820521E-01 
         0.15745703748705    -8.26716943904166E-01     2.37442900862471E-02    -7.36191953337155E-01     3.01123009465079E-01    -1.38575446856837E-01 
         0.05692267130844    -2.88855442630589E-01     8.27121240422123E-01    -5.55101142265710E-01    -7.80864171135513E-01    -4.97947071392160E-02 

#############################################################################################################################
# Germanium
#############################################################################################################################

Ge DZ-MOLOPT-PBE-GTH-q4 DZ-MOLOPT-GGA-GTH-q4
 1
 2 0 1 4 2 2
         2.75634750692346    -1.35663467982335E-01     7.42577083943597E-02     2.55337916519758E-02    -3.66030626613527E-02
         1.59915059348334     4.57537963962234E-01    -2.43935712531876E-01     7.66427811503873E-02     1.10474344837071E-02
         0.28646377847345    -7.18038148621085E-01     4.38573211544919E-01    -9.64496014019312E-01     2.51993255279016E-01
         0.08261929458830    -5.06631673025982E-01    -8.61762553729715E-01    -2.51438558145459E-01    -9.66973406712419E-01

#############################################################################################################################
# Arsenium
#############################################################################################################################

As DZ-MOLOPT-PBE-GTH-q5 DZ-MOLOPT-GGA-GTH-q5
 1
 2 0 1 4 2 2
         1.10333649844658     6.02184096879163E-01     3.33145762583070E-01     4.20377397176943E-01    -3.62456670608958E-01
         0.93911793500171    -4.17357749839229E-01    -3.30700428387853E-01    -4.65711785179419E-01     3.86417328994040E-01
         0.25089442861435    -3.99660531082349E-01    -2.98224175306221E-01    -4.96897397540948E-01     2.91999257304023E-01
         0.08474149196651     5.50870476618539E-01    -8.31091733083635E-01    -5.99573476235208E-01    -7.96268323819352E-01

#############################################################################################################################
# Selenium
#############################################################################################################################

Se DZ-MOLOPT-PBE-GTH-q6 DZ-MOLOPT-GGA-GTH-q6
 1
 2 0 1 4 2 2
         1.24306159868882     5.34735306517114E-01     4.23766574856183E-01     1.61199885108758E-01     5.98353664982439E-01
         1.07956022543905    -4.99920482019908E-01    -2.54828649692779E-01    -1.95400759619666E-01    -6.39182416066670E-01
         0.27773101440429    -2.87243581782732E-01    -4.12731845028022E-01    -2.90045738476666E-01    -3.37334593136064E-01
         0.09112697663449    -6.17761109447380E-01     7.64942268037385E-01    -9.22879520724404E-01     3.45867175179986E-01

#############################################################################################################################
# Bromium
#############################################################################################################################

Br DZ-MOLOPT-PBE-GTH-q7 DZ-MOLOPT-GGA-GTH-q7
 1
 2 0 1 4 2 2
         1.47688721179527     3.38826129976488E-01     5.50291132906954E-01     2.11284160507191E-01     5.59691525679329E-01
         1.26524771794335    -3.65973605851070E-01    -2.93489392345673E-01    -2.35598124784827E-01    -5.95574573646620E-01
         0.34028843475365    -1.76023470383674E-01    -6.20810550767132E-01    -2.61159204094403E-01    -4.13015778771771E-01
         0.10905726945427    -8.48690704167077E-01     4.75013584732857E-01    -9.11947584696304E-01     4.01813750130505E-01

#############################################################################################################################
# Krypton
#############################################################################################################################

Kr DZ-MOLOPT-PBE-GTH-q8 DZ-MOLOPT-GGA-GTH-q8
 1
 2 0 1 4 2 2
         1.80739894788004     2.77756825054504E-01    -4.14285569233001E-01     6.19372570673507E-01    -1.79945165584764E-01
         1.65111167180844    -1.39800850990444E-01     1.17108013441431E-01    -6.17774698655777E-01     1.94152322082872E-01
         0.41967761989538    -4.31204822578797E-01     7.32096837383230E-01    -3.81289333770424E-01     1.40992411512485E-01
         0.12928062725261    -8.46976545828028E-01    -5.27908515754920E-01     2.98915513734170E-01     9.53963182260403E-01

#############################################################################################################################
# Rubidium
#############################################################################################################################

Rb DZ-MOLOPT-PBE-GTH-q9 DZ-MOLOPT-GGA-GTH-q9
 1
 2 0 1 7 3 1
         6.90121659211506    -5.03981485233026E-02     4.15077271678666E-02     1.69960621870063E-03     4.95109554121172E-02
         2.42378406773514     3.89813817689178E-01    -2.93122220665311E-01    -3.62155052667403E-02    -2.29166334855272E-01
         1.26879862246914    -5.69801044569959E-02     6.60861479257151E-02     1.95883793193103E-02     2.60823123905032E-01
         0.48795027266443    -7.52178613824074E-01     2.78062109367215E-01     2.06375206819070E-01     7.57793314897694E-01
         0.18574326132113    -2.93815790896136E-01     1.03535510714486E-01    -7.68306959925422E-02     3.53127302203951E-01
         0.04696100976940     1.71749376216309E-01     6.68270650638343E-01    -7.06100736695495E-01    -2.68456611398609E-01
         0.02982420926241     4.00824459776549E-01     6.11036244621124E-01     6.71736489789252E-01    -3.25552150093500E-01

#############################################################################################################################
# Strontium
#############################################################################################################################

Sr DZ-MOLOPT-PBE-GTH-q10 DZ-MOLOPT-GGA-GTH-q10     
 1
 2 0 1 6 3 1
        10.39733503372807     2.19764872734657E-02     3.09935665292665E-02    -2.13434692858248E-03     1.33529179926938E-02
         2.27179791329780    -3.61262309488696E-01    -4.50401621635044E-01     1.22597963853291E-01    -1.23023822437177E-01
         0.44818072145902     3.66282940640669E-01     2.16991598286817E-01    -7.23219727656115E-01     4.70867278136984E-01
         0.16925351901583     3.99243216624750E-01     4.65004087664916E-01     6.63224977697460E-01    -5.42393021534710E-02
         1.13297498509842     2.44004435021527E-01     2.56056363611676E-01    -1.10345044991798E-01     2.44844479320104E-01
         0.04583758759694    -7.18268804010438E-01     6.83592540512355E-01    -9.93730816428300E-02    -8.36707908485551E-01

#############################################################################################################################
# Yttrium
#############################################################################################################################

Y DZ-MOLOPT-PBE-GTH-q11 DZ-MOLOPT-GGA-GTH-q11
 1
 2 0 2 7 3 2 1
         7.29480259598065     5.87373571285973E-02    -3.54235520201828E-02    -6.02225283109654E-03    -3.60177839518529E-02    -1.04715705437698E-02    -2.58716846931363E-03 
         2.66168991901549    -4.66991564845664E-01     3.30057786798905E-01    -4.69395075857159E-02     2.24944356715333E-01     7.08258824965266E-02    -1.10093770838837E-02 
         1.15747258140054     1.04450148609538E-01    -1.77908134964073E-01     1.49324485828892E-01    -4.56224966451436E-01    -1.81042273227389E-01     2.97206611607027E-01 
         0.57582923658987     4.56519031090434E-01    -4.34795255710332E-01     4.81541612634086E-01    -7.14288336981807E-01    -1.88197553152224E-01     5.82224397815583E-01 
         0.27262915561043     1.37226393147301E-01    -3.55249824810587E-01    -1.99903332774895E-01    -3.25702015862501E-01    -2.73909343170065E-01     7.00119905364918E-01 
         0.11612798997094     6.23726095104237E-01     2.42834316384691E-01    -6.76945860818173E-01    -2.62477718489916E-01     6.16585451089879E-01     2.83303179129028E-01 
         0.04120420556843     3.88952461437187E-01     6.95656429007237E-01     4.95341546207041E-01    -2.34045618242906E-01     6.86640713983335E-01    -4.61140714759674E-02 

#############################################################################################################################
# Zirconium
#############################################################################################################################

Zr DZ-MOLOPT-PBE-GTH-q12 DZ-MOLOPT-GGA-GTH-q12
 1
 2 0 2 7 3 2 1
         8.13709684689048    -5.80631088311233E-02    -3.58897186473430E-02    -1.52713043142254E-02    -1.87098633639909E-02    -6.60365610451709E-03    -1.19156457972578E-03
         2.75611310146837     4.88006843477377E-01     3.71869748755312E-01    -9.68587431285781E-03     2.72429317578704E-01     1.24624793443987E-01    -3.39912739339056E-02
         1.43305688943010    -1.40669021574852E-01    -1.89120651287741E-01     1.68184791124698E-01    -4.31887144504812E-01    -2.17129051972702E-01     2.81762454814143E-01
         0.62128181702283    -3.77706637650703E-01    -4.99991933034994E-01     4.77018509232769E-01    -6.29719063415905E-01    -4.47210085487181E-01     6.19560193611316E-01
         0.27061282264894    -1.53948165436629E-01    -3.11051574281624E-01    -3.90498556005208E-01    -2.97049415522801E-01    -7.25721223252168E-02     6.44360926289205E-01
         0.11667436483540    -6.50839954342972E-01     3.25139279067910E-01    -5.46996665229393E-01    -3.54985339952330E-01     5.80336741737138E-01     3.38768479389286E-01
         0.04342054281409    -3.85662072993210E-01     6.10080020617483E-01     5.40505055455355E-01    -3.57919902597031E-01     6.28669802093449E-01     7.50544673128020E-02

#############################################################################################################################
# Niobium
#############################################################################################################################

Nb DZ-MOLOPT-PBE-GTH-q13 DZ-MOLOPT-GGA-GTH-q13
 1
 2 0 2 6 3 2 1
         1.95586685729238     3.77845355651554E-01    -1.13413146362772E-01     6.25935263783137E-02     6.18943842208214E-01     4.20886353285374E-01     5.65011579075655E-01
         1.83795970853228     3.45958454648002E-02     8.11126200255676E-02     6.39665274362894E-01    -5.11398552759311E-01    -8.73466185177276E-04    -7.24446624809422E-01
         1.69387104188591    -1.06225515483000E-01     5.86782550982060E-04    -7.39875728487346E-01    -1.95604776439668E-01    -4.90018547584309E-01     4.30107517290778E-02
         0.55804962466353     3.55337400457168E-02     2.14692630070721E-01    -1.50459807388932E-01    -2.26907403258199E-01    -1.30911829280874E-01    -2.46475893974583E-01
         0.19139095931521    -9.18382192738985E-01    -4.37559303385196E-02     1.29663218613585E-01     3.20141143455961E-01    -5.10242403403938E-01    -2.85961053722144E-01
         0.05468295347255     7.97846650649079E-03    -9.65686465652517E-01     6.60225145992330E-03     4.03907774715385E-01    -5.52494814836516E-01    -1.07540634143203E-01

#############################################################################################################################
# Molybdan
#############################################################################################################################

Mo DZ-MOLOPT-PBE-GTH-q14 DZ-MOLOPT-GGA-GTH-q14
 1
 2 0 2 6 3 2 1
         2.54468372351744    -1.79450200836521E-01    -3.63746429788612E-01     5.85912168084516E-01     5.42574717418136E-01     3.56825721519468E-01    -7.97002614306775E-01
         2.31624458403262     3.03753876708485E-01     2.33295852185351E-01     4.46717429362323E-01    -5.10624173422084E-01    -4.06373024226742E-01     3.49774394277804E-01
         1.08341339475384     7.84409967953886E-01     1.76670659955598E-01    -1.01626154979829E-01    -2.30611165110333E-01    -1.82571478376935E-01     4.62890718563381E-01
         0.49304953123563     5.85373490065598E-02     3.06436923214911E-01    -3.69936652989199E-01    -2.97922438054167E-01    -2.75030019805118E-02    -1.55232248774799E-01
         0.17115655125569     4.88431935723133E-01    -3.97917325684472E-01     2.78325964497559E-01    -4.96533437243876E-01     7.27613927221704E-01     6.38511915028553E-02
         0.05724923145677     1.35054925552236E-01    -7.27878610820994E-01    -4.82186814917299E-01    -2.37467653933630E-01     3.79507025918167E-01    -1.69199516043236E-03

#############################################################################################################################
# Technetium
#############################################################################################################################

Tc DZ-MOLOPT-PBE-GTH-q15 DZ-MOLOPT-GGA-GTH-q15
 1
 2 0 2 7 3 2 1
         6.23837648125976     1.58773028006103E-02    -6.52192312489385E-02    -3.21361475246588E-02    -2.52711845876935E-02     1.08882335454615E-03    -5.33213728399088E-03 
         3.19636318414500    -1.03536511373945E-01     5.45090206681151E-01     3.04431323065606E-01     3.45217429042275E-01     1.48055443741743E-01    -1.28701211167819E-01 
         1.98423912143124    -6.07779050535773E-02    -1.68537345191320E-01    -2.45687372711234E-01    -4.38605235944901E-01    -2.91627163847257E-01     4.43929498782295E-01 
         0.88004282729859    -1.33004597248664E-01    -5.57037558521086E-01    -4.21658555852675E-01    -5.43020118420254E-01    -4.91185846694123E-01     5.67087765899504E-01 
         0.41505318833476     2.58589523265349E-01    -9.59664416685599E-02    -2.22535640302916E-01    -4.96297112178254E-01     3.29882633469964E-01     6.12753067232616E-01 
         0.16595416774034     5.99072099982610E-01    -4.60686875468837E-01     6.22189872570528E-01    -3.49690683867760E-01     6.62431642906817E-01     2.98767775585256E-01 
         0.05601167349377    -7.36130425207473E-01    -3.72136379533852E-01     4.81132274942065E-01    -1.56033630885044E-01     3.22692156654942E-01    -4.13851456333300E-03 

#############################################################################################################################
# Ruthenium
#############################################################################################################################

Ru DZ-MOLOPT-PBE-GTH-q16 DZ-MOLOPT-GGA-GTH-q16
 1
 1 0 2 7 3 2 1
         5.55717651507857    -2.53587952753213E-02     2.48903831377461E-01     4.15809354045493E-01     4.24612307263437E-01     3.73040932085625E-01    -2.71148372442609E-02 
         4.90730462124065     2.64580731113758E-02    -3.54955686213747E-01    -5.72031879073916E-01    -3.90143651066916E-01     3.75072445889006E-01     6.17067465089032E-02 
         1.97296821520355     7.71223052117603E-02    -3.97578327977471E-02    -1.49064943364132E-01     2.21697776521015E-01    -8.41922206921956E-02    -1.83676668534198E-01 
         1.08987057636772     2.91072909224371E-01     4.95560955568939E-01     2.52585805106619E-01     5.38260987125824E-01    -5.95357551798590E-01    -8.53567487859738E-02 
         0.49965824032421    -1.24628711093138E-01     1.89942611271935E-01     9.03798781493512E-02     5.72989747496464E-01     5.65173810716845E-01    -4.59428754050748E-01 
         0.18973785031936    -6.82660938355439E-01    -4.19246620189351E-01     4.59082708412099E-01    -1.50369459188399E-02    -1.95255707823741E-01     7.76028178222852E-01 
         0.07036624048158     6.53014043523443E-01    -5.94176803215996E-01     4.41516374093469E-01     8.61192184942049E-03     3.28016928965804E-02     3.75685581923060E-01 

#############################################################################################################################
# Rhodium
#############################################################################################################################

Rh DZ-MOLOPT-PBE-GTH-q17 DZ-MOLOPT-GGA-GTH-q17
 1
 2 0 2 7 3 2 1
         5.19623074199323     4.96115215466119E-01     1.44895198516276E-01     9.94058925450367E-02     2.71887419240284E-01     2.25022339541141E-01     3.53942939922840E-01 
         4.63695984057951    -7.00068025147127E-01    -2.05454937937073E-01    -1.72693078616398E-01    -4.42263745604913E-01    -3.12256929646458E-01     5.60828348782731E-01 
         1.95112566189088     7.82578780984964E-02    -4.10809127742679E-02     8.46547233506048E-02     3.82697555842601E-01     9.77233662579132E-02    -7.21942585260606E-01 
         0.91419656047343     3.01157952616897E-01    -9.20175043346206E-02     4.38887358458651E-01     6.57977696798896E-01     1.16727951539000E-01     1.85882987687408E-01 
         0.39108321810540     1.61913391489596E-01     3.93455130885840E-02    -2.77898440664233E-01    -1.14936395640359E-02     4.45767830017382E-01    -6.44857127562789E-02 
         0.13902914779295     8.97555554647568E-02     6.70142022860937E-01    -5.89369588174233E-01    -3.50234583751960E-01     7.19398466418882E-01    -9.31077147999663E-03 
         0.05658856706931    -3.64255458655430E-01     6.89927813051127E-01     5.79588628888333E-01    -1.68200994180636E-01     3.35323983406620E-01    -1.40456164268264E-02 

#############################################################################################################################
# Palladium
#############################################################################################################################

Pd DZ-MOLOPT-PBE-GTH-q18 DZ-MOLOPT-GGA-GTH-q18
 1
 2 0 2 7 3 2 1
         5.93941157519078     1.86683141706209E-01     2.92100908662160E-01    -7.81989164735403E-02     6.70982493329773E-02     1.39155438240086E-01     1.57601611054599E-01 
         4.80318335286009    -3.51790964010295E-01    -5.78825839639586E-01     1.66571571776721E-01    -1.75204246624218E-01    -3.24176875437649E-01    -1.89723825153950E-01 
         2.09472744683007     2.18307087837924E-02     1.14314872829437E-01    -1.33151049195566E-01     2.87121075381308E-01     4.05857162241920E-01     9.36921583693483E-02 
         0.97577526820815     1.66412880443614E-01     4.87254085782414E-01    -3.68751439759128E-01     4.53763792940578E-01     5.89873300501150E-01    -4.18318883899138E-01 
         0.41705441292829     7.45188930541978E-02     3.57366035900096E-02    -5.87440266207733E-02    -8.85490202545196E-02     3.08635628239968E-01     5.98854157411838E-01 
         0.16042632101904     5.51666000767412E-01     1.00635562647778E-01     7.95904245512017E-01    -7.19723237408368E-01     4.56948359905889E-01     3.67452456954034E-01 
         0.06556704041848    -7.09460537165479E-01     5.63691982342323E-01     4.18948190143138E-01    -3.88096299564598E-01     2.42521784614799E-01     5.11615171026448E-01 

#############################################################################################################################
# Silver
#############################################################################################################################

Ag DZ-MOLOPT-PBE-GTH-q11 DZ-MOLOPT-GGA-GTH-q11
 1
 2 0 2 5 2 2 1
         2.49528137825139     7.43829680597870E-02    -5.03799701111963E-02    -3.20090657303833E-02    -7.42293839607055E-02    -4.03506355709008E-01  
         1.14792834913842    -2.02979901205792E-01     1.43630028949176E-01     5.45777762299766E-02     2.46610290741428E-01    -6.76447605213160E-01  
         0.46137447937199    -3.70367808150646E-01     5.88912822705150E-02     4.76571057807250E-01     3.02330644306741E-01    -5.50328606307433E-01  
         0.17259730799281     7.76846732626140E-01    -4.50530057203387E-01     1.57633223467418E-03    -8.99775431851336E-01    -2.76707865274245E-01  
         0.05124725807286     4.61089117701644E-01     8.77716786796573E-01     8.76854736025314E-01    -1.80758725396745E-01    -1.31316670268760E-02  

#############################################################################################################################
# Cadmium
#############################################################################################################################

Cd DZ-MOLOPT-PBE-GTH-q12 DZ-MOLOPT-GGA-GTH-q12
 1
 2 0 2 5 2 2 1
         2.55560482126396     5.35259389665903E-02    -6.24871417078461E-02    -3.10557138654090E-03    -4.51471851801847E-02    -4.69210159640236E-01 
         1.22087664423366    -1.26721502482261E-01     1.82542672615949E-01    -6.88864879568560E-02     1.36946957261954E-01    -6.77964045069899E-01 
         0.53090757650415    -4.39408103279298E-01     1.15435392177201E-01     1.51052337883151E-01     2.57183362415415E-01    -5.18485633560705E-01 
         0.22057315545332     6.79819747303587E-01    -5.57478178079980E-01    -6.58564684562710E-02    -9.50939922771122E-01    -2.26632505426917E-01 
         0.07088369574410     5.70825949493329E-01     7.99165990888584E-01     9.83916217970735E-01    -9.36869464960379E-02    -4.11521055543761E-03 

#############################################################################################################################
# Indium
#############################################################################################################################

In DZ-MOLOPT-PBE-GTH-q13 DZ-MOLOPT-GGA-GTH-q13
 1
 2 0 2 6 2 2 1
         2.94392847621039    -2.26423827344520E-02    -3.70355059586603E-02     4.53209855561666E-03     9.49900197232519E-03     3.96793100935004E-01 
         1.55592284117988     4.57104374927485E-02    -2.51842275920907E-02     1.90925832010776E-03     1.35504757154070E-02     5.85090452932996E-01 
         0.75074694380926     1.36771994515889E-01     6.16654354045477E-01    -1.66824555941073E-01    -3.67759999134696E-01     4.95028814516215E-01 
         0.32901090636928     2.94327106832685E-02    -5.99360586429217E-01     2.28347564924812E-01     6.87602467968575E-01     4.48623312052438E-01 
         0.12522706273502    -7.70402249618553E-01    -2.63643940959128E-01     7.30098565558540E-01     2.04716889181275E-01     1.76799636867643E-01 
         0.04547344485117    -6.19923696311878E-01     4.34730138645225E-01     6.22060171135144E-01    -5.91415740349655E-01     1.50498777477713E-01 

#############################################################################################################################
# Tin  
#############################################################################################################################

Sn DZ-MOLOPT-PBE-GTH-q4 DZ-MOLOPT-GGA-GTH-q4
 1
 2 0 1 4 2 2
         0.59961172890850     6.99092564646815E-01    -1.26109607584749E-01     6.61154517656062E-01    -8.12513679262652E-02
         0.52402382116251    -7.01502502712157E-01    -1.07012291668306E-01    -7.42951641155934E-01    -1.61646405314857E-02
         0.15461678148659    -8.24427963996816E-02     7.32283990072159E-01    -3.10291660592905E-02     7.52931786972616E-01
         0.05364363721673     1.11207059424840E-01     6.60609486906384E-01     9.96732338210657E-02     6.52863418926824E-01

#############################################################################################################################
# Antimon
#############################################################################################################################

Sb DZ-MOLOPT-PBE-GTH-q5 DZ-MOLOPT-GGA-GTH-q5
 1
 2 0 1 4 2 2
         0.67154457439573     1.20196992223028E-01    -7.08558571690013E-01     8.85396903349421E-02    -6.76099280388188E-01
         0.61486898382532     6.16533587697633E-02     6.84438380412987E-01    -1.41115342432954E-02     7.21032414048743E-01
         0.18826959221073    -5.16615855874109E-01     1.19173610953641E-01    -5.72006131586826E-01     6.96192550204401E-02
         0.06744009092761    -8.45493704218078E-01    -1.23638603819866E-01    -8.15334638822470E-01    -1.34741160303802E-01

#############################################################################################################################
# Tellur
#############################################################################################################################

Te DZ-MOLOPT-PBE-GTH-q6 DZ-MOLOPT-GGA-GTH-q6
 1
 2 0 1 4 2 2
         1.50205839327801     3.53437957145403E-02     6.61636370488983E-01     5.25562030785577E-01    -6.28838053621472E-01
         1.44507897451806    -8.29121941884682E-02    -7.29100101420905E-01    -3.01410152494752E-01    -4.59116405576963E-01
         0.27753525913609     5.37552254138795E-02     1.48739411121263E-01     5.67608817357596E-01     5.78121371345986E-01
         0.09445921782988     9.94478134450449E-01    -9.23414475384237E-02     5.57455560764750E-01    -2.44029728600195E-01

#############################################################################################################################
# Iodine
#############################################################################################################################

I DZ-MOLOPT-PBE-GTH-q7 DZ-MOLOPT-GGA-GTH-q7
 1
 2 0 1 4 2 2
         0.86721959599302    -2.01917559324081E-01    -6.94739759641125E-01     8.00269806048058E-03    -7.06604968245553E-01
         0.80345194505052     4.00589384955995E-01     5.33925402778252E-01     4.24047170919670E-02     7.06899679596510E-01
         0.23725655265447    -3.34860139051596E-01     4.02768546920285E-01     9.09192526032495E-01    -3.05435576240457E-02
         0.08675847927232     8.28629067298227E-01    -2.64646610130556E-01     4.14133731297940E-01     8.32784033946866E-03

#############################################################################################################################
# Xenon
#############################################################################################################################

Xe DZ-MOLOPT-PBE-GTH-q8 DZ-MOLOPT-GGA-GTH-q8
 1
 2 0 1 4 2 2
         0.91002149819418     7.10561734872125E-01    -9.10142757581694E-02    -6.75424329937173E-01     6.02366602681447E-02
         0.84467042999473    -6.88962428374585E-01    -1.16317460957648E-01     6.86268895099868E-01    -1.86488403820151E-01
         0.24137284829354    -1.03368337164779E-01     7.57271101408199E-01     2.69846248571973E-01     6.12359664034117E-01
         0.08489800714197    -9.87308467273462E-02    -6.36181679126800E-01    -4.46993053190667E-03    -7.65904211938005E-01

#############################################################################################################################
# Cesium
#############################################################################################################################

Cs DZ-MOLOPT-PBE-GTH-q9 DZ-MOLOPT-GGA-GTH-q9
 1
 2 0 1 6 3 1
         2.03586659984989     1.48668808859277E-01     5.57069891270270E-01     2.69942260838389E-03     3.96065918076454E-01
         1.80235406440021    -1.82770902176198E-01    -7.39743135141842E-01    -1.96184587543873E-02    -5.52230183247782E-01
         0.56886095348966    -4.15583057275952E-02     1.68000781718658E-01     5.07264807412093E-02     3.40075120006395E-01
         0.24807371268664    -2.58039414764323E-01     2.76885138477244E-01     3.77116605599410E-01     5.16688864594553E-01
         0.09384053442972     3.62905689516974E-01     5.62880370198870E-02    -8.07524575482882E-01     7.09338577071279E-02
         0.03241980890594     8.62832782617472E-01    -1.85459549690637E-01     4.50246353808296E-01    -3.87973621572123E-01

#############################################################################################################################
# Barium
#############################################################################################################################

Ba DZ-MOLOPT-PBE-GTH-q10 DZ-MOLOPT-GGA-GTH-q10
 1
 2 0 1 6 3 1
         3.24121264117369    -7.50845982536849E-02    -7.62276170931673E-02     9.90701322553655E-03     3.22960690667743E-02
         1.42792257315340     5.30122176503725E-01     4.28115819238079E-01     6.55761495688918E-02    -3.17074488069771E-01
         0.30394790470453    -5.26520328310170E-01    -1.10637137409024E-01    -3.87185118487320E-01     6.00846911831781E-01
         0.11517228031639    -1.76794338287444E-01    -4.74520155982469E-01     7.88499144567381E-01    -3.14400887601443E-02
         0.78005184104870    -3.47093640403334E-01    -7.75046205124139E-02    -2.90388694243652E-01     4.15242266154135E-01
         0.03821227945551     5.33271874095431E-01    -7.53318840134735E-01    -3.73674736891059E-01    -6.03315094041473E-01

#############################################################################################################################
# Lanthanides ...
#############################################################################################################################

La DZ-MOLOPT-PBE-GTH-q11 DZ-MOLOPT-GGA-q11
 1
 2 0 2 7 3 2 1
      2.61043358  0.34555125  0.07972580 -0.06753446 -0.11931371  0.14853851  0.05894706 
      1.97548354 -0.55492585 -0.19942426  0.21734000  0.30938728 -0.45059782 -0.19414604 
      1.37683237 -0.22574477  0.13096275 -0.10385040 -0.09036564  0.20137705  0.13048510 
      0.50317401  0.45730281  0.02849428 -0.52518821 -0.19842106  0.66541064  0.32583473   
      0.21379586  0.28098729 -0.22727265 -0.07955497 -0.27229521  0.30492739  0.63634259 
      0.08361942  0.45714694  0.18969240  0.80314351 -0.68479828 -0.33821727  0.61836430   
      0.03181016 -0.15693279  0.92101820 -0.10112546 -0.54718691 -0.29017621  0.21984455 

Ce DZ-MOLOPT-PBE-GTH-q12 DZ-MOLOPT-GGA-GTH-q12
 1
 2 0 3 7 3 2 2 1
      4.34805319 -0.03693169  0.01448984  0.01820783  0.02042755  0.01901605  0.00276651 -0.00877072 -0.55509151 
      2.57908114  0.05430159 -0.03840341 -0.20300618 -0.07764644 -0.05746241 -0.01249329  0.03331894 -0.34215519 
      1.53839474  0.29510864  0.03200945  0.67125827 -0.23066125 -0.01343180 -0.09518852 -0.13686483 -0.46241873 
      0.70764929 -0.53078344 -0.11602934 -0.23005510  0.68373954 -0.01888301  0.40544114  0.42347859 -0.16784844 
      0.30025527 -0.61392217 -0.15697686  0.00273254  0.65069344  0.29577451  0.78148993  0.14906284  0.38878583 
      0.11070108  0.27819102  0.58291469 -0.57399058 -0.06147117  0.66003438  0.46433812 -0.63788114  0.39945882 
      0.03812408 -0.41542332  0.78701750  0.35421929 -0.21370241  0.68751112  0.00751561 -0.60961852  0.14858429 
#############################################################################################################################
# Hafnium
#############################################################################################################################

Hf DZ-MOLOPT-PBE-GTH-q12 DZ-MOLOPT-GGA-GTH-q12
 1
 2 0 2 5 3 2 1
         2.17604186552827     6.86527953547681E-01     1.96789838283449E-02     1.89333771113208E-01    -6.92025180629337E-01     3.51176023789046E-02    -5.99448012241687E-01
         2.08864742540306    -6.73401366783049E-01     8.97539963842511E-03    -1.89732772694960E-01     7.14265910976555E-01    -2.97363337792605E-02     6.56192818720468E-01
         0.60392609189439    -1.99093359270841E-01    -2.49420679345205E-01     5.56909076055238E-01     9.93886613562799E-02     1.94530566724301E-01     2.90924887384135E-01
         0.20540391443749     1.71048927465774E-01     1.12734431745030E-01    -7.51591860613402E-01     5.74938206505096E-03    -3.98873885186911E-01     3.30526918281965E-01
         0.05906244855792    -7.94611031852314E-02     9.61567705578196E-01     2.30469421287335E-01    -3.18464502172913E-02    -8.94952505322124E-01     1.27231016150671E-01

#############################################################################################################################
# Tantal
#############################################################################################################################

Ta DZ-MOLOPT-PBE-GTH-q13 DZ-MOLOPT-GGA-GTH-q13
 1
 2 0 2 6 3 2 1
         3.28440558552247     1.14517381990265E-01    -7.58597709740380E-03     5.56285902625133E-01     6.45227633402582E-01     1.05260151052171E-01    -1.75478830344586E-01
         3.11931638509114     2.56348555723833E-01     2.30642186887009E-01    -6.34436990982444E-01    -5.71267745901552E-01    -4.22826379749904E-02     2.03160184826194E-01
         1.05018258522389    -4.67061269527651E-01    -3.01437144547840E-01     2.38010602100028E-01    -2.85214736280897E-01    -4.96975347161458E-01     4.34103864217131E-01
         0.44792406646758    -4.39110139210803E-02    -2.84416676601621E-01     1.30179939450476E-01    -2.60437132361839E-01    -1.67058713072170E-01     7.87385011825516E-01
         0.17094818095847    -7.17113530043627E-01    -2.18981150942838E-01    -4.19350991671103E-01    -2.97747088093412E-01     7.48903005346690E-01     3.19991897115420E-01
         0.05435572681287    -4.32255671556095E-01     8.52664466287261E-01     1.96429583950073E-01    -1.39664560334814E-01     3.89080529465898E-01    -1.30831889870337E-01

#############################################################################################################################
# Wolfram
#############################################################################################################################

W DZ-MOLOPT-PBE-GTH-q14 DZ-MOLOPT-GGA-GTH-q14
 1
 2 0 2 6 3 2 1
         3.20263659299056     2.37643510953835E-01    -3.23773471293486E-01     2.39564951382230E-01     6.46779603062378E-01    -8.10555082744891E-02    -1.39259252232091E-01
         2.97040404940362     2.54740194999295E-01     3.72928590425724E-01    -1.51620670636496E-01    -5.80279831417024E-01     9.77447611050305E-02     1.76140438396963E-01
         1.05448124604065    -8.59164030647697E-01    -1.72850633979106E-01     2.70614702539029E-02    -4.18511794134168E-01    -3.43163147029762E-01     4.20650739410408E-01
         0.44746215880808    -2.49340376166159E-01    -2.19476020254031E-01     7.11920815732520E-02    -2.61700186489321E-01     4.55196621842967E-03     5.97081569950216E-01
         0.17257219040800    -1.89757197935430E-01     3.67657793323838E-01    -7.55017457177087E-01    -3.49134195624205E-02     8.45828558213605E-01     6.04349752446443E-01
         0.05779644756030    -2.05649570482098E-01     7.36800982358444E-01     5.86317158210281E-01    -9.66467845379611E-03     3.88160212398637E-01     2.25586652101294E-01

#############################################################################################################################
# Rhenium
#############################################################################################################################

Re DZ-MOLOPT-PBE-GTH-q15 DZ-MOLOPT-GGA-GTH-q15
 1
 2 0 2 6 3 2 1
         3.50766368420562     1.88310263454117E-01    -7.74444156343640E-02     4.96074005014646E-01     5.97802193725369E-01     2.60986932080133E-02    -1.20706542899853E-01
         3.26852244247913     2.52461282129628E-01     3.01446828134261E-01    -5.26839070735849E-01    -5.01514230815202E-01     3.59747854702507E-02     1.57252075297851E-01
         1.15893250653853    -6.31935898306451E-01    -3.82833541550091E-01     1.88535325891092E-01    -4.26937001199844E-01    -5.35270305095437E-01     5.00218506352394E-01
         0.48380284100589    -1.15199686647146E-01    -3.00557936784538E-01     6.73574167112463E-02    -3.46159271586216E-01    -7.11404039128262E-02     7.29813171317647E-01
         0.18251753324686    -5.75655982473969E-01     2.60831586582446E-02    -5.45454929956397E-01    -2.78189861981056E-01     7.77181375954076E-01     4.21076567592219E-01
         0.05798018549822    -3.95990894053454E-01     8.15815694399961E-01     3.72488259930840E-01    -1.07819153490083E-01     3.20060190132246E-01     2.34610403498795E-02

#############################################################################################################################
# Osmium
#############################################################################################################################

Os DZ-MOLOPT-PBE-GTH-q16 DZ-MOLOPT-GGA-GTH-q16
 1
 2 0 2 6 3 2 1
         3.44583669179052     5.23768829581665E-01    -3.66429314451391E-01     4.12719688172789E-02     6.08826974606566E-01    -7.52201895388827E-02     1.27421497953512E-01
         3.16893710719654    -4.90402750426747E-02     5.63187006641380E-01     9.54563600173661E-03    -5.12928688359407E-01     9.25303623437312E-02    -1.71202013178287E-01
         1.22022737531185    -7.39233343944343E-01    -4.73883240653803E-01     1.62135463090282E-02    -5.00829439394089E-01    -3.75971789642977E-01    -4.52506757728089E-01
         0.52225204932076    -2.14354689337893E-01    -2.49456301835631E-01    -9.51504073705281E-02    -3.26814654637972E-01     3.02927997994527E-02    -5.92289473749481E-01
         0.20183063290334    -3.28478663111347E-01     4.82765573916797E-01    -3.40847574317607E-01    -8.93075479319786E-02     8.80566800134767E-01    -6.06927712747862E-01
         0.07083037538395    -1.51489810953389E-01     1.69391798513775E-01     9.34190535917796E-01    -2.49016401419183E-02     2.60978400071071E-01    -1.74708893699231E-01

#############################################################################################################################
# Iridium
#############################################################################################################################

Ir DZ-MOLOPT-PBE-GTH-q17 DZ-MOLOPT-GGA-GTH-q17
 1
 2 0 2 6 3 2 1
         3.44794264252380     5.70788734448150E-01    -4.20438539351015E-01     2.21188661430807E-01     6.16467650352997E-01     2.96145860275749E-01    -1.99542964060966E-01
         3.24220758709473    -1.39645809621958E-01     6.87658371126591E-01    -1.75619953805197E-02    -5.58747251234840E-01    -2.73670942233822E-01     2.57031955314386E-01
         1.35658968829495    -5.84585995226477E-01    -5.25394106731150E-01    -4.70945040929481E-01    -1.51922667737898E-01    -3.35038667591886E-01     5.22094891202450E-01
         0.68093191087822    -4.46358467398812E-01    -1.39090439516011E-01     6.09192302638679E-01    -4.48698807072405E-02    -3.84239636091918E-01     6.24911527427997E-01
         0.16774942093871     1.78430222523131E-01     1.28440922876875E-01    -5.90918863924916E-01    -3.17997545393736E-01     4.81871299232208E-01     2.47158827094886E-01
         0.36245961064662    -2.86156001053456E-01     1.96150989867153E-01     9.31533974694553E-02    -4.26090252484192E-01     5.87631592980548E-01     4.12228336117276E-01

#############################################################################################################################
# Platin
#############################################################################################################################

Pt DZ-MOLOPT-PBE-GTH-q18 DZ-MOLOPT-GGA-GTH-q18
 1
 2 0 2 6 3 2 1
         5.86505335913478    -6.26426401446764E-01    -1.61454432320274E-01    -1.34685204889659E-01    -4.78008092373401E-01    -2.30598943253617E-02    -3.53850228184634E-02
         5.60933950365219     6.96154907506981E-01     2.17233221303348E-01     1.20832162596810E-01     6.01199104511020E-01     1.92595140979120E-02    -1.95477635767342E-02
         1.43535083975625    -1.11202624727065E-01    -1.74075882704571E-01     1.77821924201531E-01    -5.17076942797382E-01    -2.64163778200598E-01     5.57700007513400E-01
         0.58463699005263     1.83752720335137E-02    -3.47582652934313E-01     2.40732673316858E-01    -2.93538274543221E-01    -2.18232266280377E-01     5.07708968519914E-01
         0.23544009070827    -1.48692548782657E-02     4.05636146193951E-01    -7.93996825649258E-01    -1.99610832559096E-01     7.83943998209917E-01     5.42980306771048E-01
         0.07839547230665    -3.31713037451462E-01     7.81719513116436E-01     4.97248095215953E-01    -1.29190295654337E-01     5.16837785288558E-01     3.67070124720198E-01

#############################################################################################################################
# Gold 
#############################################################################################################################

Au DZ-MOLOPT-PBE-GTH-q11 DZ-MOLOPT-GGA-GTH-q11
 1
 2 0 2 5 2 2 1
         1.83085678209038     4.21454188531887E-01    -2.41487838358830E-01     3.08591551369353E-01    -1.74493597314719E-01    -2.60252668665876E-01 
         1.63805790047158    -4.52095457111711E-01     2.76041183604411E-01    -4.46962473484566E-01     1.53594150498554E-01     5.89781099019620E-01 
         0.59359546957877    -3.10042745786408E-01     1.33458178567729E-01     4.49960860281611E-01     3.67091509984626E-01     4.39662696279560E-01 
         0.21037364409708     4.08690799857536E-01    -4.85007588866364E-01    -2.30035310997640E-01    -8.30488542918526E-01     4.31143263397068E-01 
         0.06270709044043     5.95677253657477E-01     7.82586380021066E-01     6.70533206954635E-01    -3.48559069322643E-01     4.53033115366871E-01 

#############################################################################################################################
# Mercury
#############################################################################################################################

Hg DZ-MOLOPT-PBE-GTH-q12 DZ-MOLOPT-GGA-GTH-q12
 1
 2 0 2 6 2 2 1
         3.00212418041577     8.53484433783394E-03     8.59132039906249E-02    -3.41114916255533E-02    -2.69796878670415E-02    -1.01928691694004E-01 
         1.98269569630024    -1.31376590265019E-01    -2.21853661278409E-02     1.21838540880833E-01     4.95867316317673E-02     4.85523858673093E-01 
         0.93528039655682     4.78794403463093E-01    -3.58178024048629E-01    -3.63113040636992E-01    -1.78377522277581E-02     6.53000661591601E-01 
         0.41814641101230    -1.58090554348317E-02     4.54101282452156E-02     5.67483785902988E-02     8.13734584785847E-02     5.26765624332608E-01 
         0.18096910860525    -6.64495356244163E-01     4.35186155618085E-01     8.90772293749150E-01    -2.73163358705466E-01     2.18502884255688E-01 
         0.06847238884278    -5.58228682952685E-01    -8.19991563499018E-01     2.35467700610335E-01     9.56689712916430E-01     4.73468797609009E-02 

#############################################################################################################################
# Thallium
#############################################################################################################################

Tl DZ-MOLOPT-PBE-GTH-q13 DZ-MOLOPT-GGA-GTH-q13
 1
 2 0 2 6 2 2 1
         2.49069689764632    -1.40199951276258E-01    -5.64910617731214E-02    -1.18714646401503E-01    -1.41479891627812E-01    -4.66580614296684E-01 
         2.23415516409655     1.47352005917420E-01    -3.83355327959215E-02     1.66922520339286E-01     2.36986581055051E-01     7.16498588388083E-01 
         0.84755238733953     1.35574536709038E-01     6.23626210450517E-01    -1.68287312800698E-01    -3.74329957071359E-01     4.70474876290691E-01 
         0.33906997054508     2.78826025606207E-02    -5.51963694520951E-01     1.11015475309002E-01     5.13593603836149E-01     1.07401718623534E-01 
         0.13414375553043    -7.14029433574086E-01    -3.13840017070278E-01     6.40925245644313E-01     3.94849171581182E-01    -7.11608268341344E-02 
         0.04638396472033    -6.55465814115956E-01     4.50854766105710E-01     7.11767854726076E-01    -6.03335417246515E-01    -1.76030399478797E-01 

#############################################################################################################################
# Lead 
#############################################################################################################################

Pb DZ-MOLOPT-PBE-GTH-q4 DZ-MOLOPT-GGA-GTH-q4
 1
 2 0 1 4 2 2
         1.16627856611620    -1.77476801903761E-01    -2.73528660475618E-01     1.69006573366482E-01     6.39988356625319E-02
         0.97368577457399     2.91688770012598E-01     5.58231728023940E-01    -2.85001941804447E-01     1.44000961303469E-01
         0.20479516516504    -2.81109604087220E-01    -6.48717245917228E-01     5.23456038469080E-01    -8.03386352271818E-01
         0.06690336482909    -8.96881841004977E-01     4.39004948235652E-01     7.84986908882480E-01     5.74228387630653E-01

#############################################################################################################################
# Bismut
#############################################################################################################################

Bi DZ-MOLOPT-PBE-GTH-q5 DZ-MOLOPT-GGA-GTH-q5
 1
 2 0 1 5 2 2
         1.47627858007351    -2.82187561552636E-01     9.60204183123901E-02    -1.14745807427105E-01     8.75832102813792E-02
         1.11285205915831     5.78010547870005E-01    -2.59012653523619E-01     3.01653330805259E-01    -2.28285985628545E-01
         0.24498427085242    -6.90552297857776E-01     1.83595353934608E-01    -7.65332593955242E-01     4.83602369795683E-01
         0.10523110071853     2.93277635167467E-01     9.14667662092699E-01     4.48069823333837E-01     7.89507883164356E-01
         0.04127520818927     1.52969733247847E-01     2.31015883690430E-01     3.30663154493087E-01     2.88133199044727E-01

#############################################################################################################################
# Polonium
#############################################################################################################################

Po DZ-MOLOPT-PBE-GTH-q6 DZ-MOLOPT-GGA-GTH-q6
 1
 2 0 1 5 2 2
         1.53095741824455    -1.18824174166383E-01    -5.39066385105372E-01    -1.84375014262949E-01    -2.15116555809204E-01
         1.38187435895955     1.98421721353269E-01     6.98016787232213E-01     2.77866200569863E-01     3.06910503542028E-01
         0.25777263318886    -1.04186802199319E-01    -3.97691294591936E-01    -4.75303298208827E-01    -6.06122828392075E-01
         0.10179823497645    -9.55415074618522E-01     2.46031853353011E-01    -6.87675651893322E-01     1.69076041677109E-01
         0.03336045249878    -1.51118435566435E-01     5.90758709873808E-02    -4.35872918637200E-01     6.80851833562308E-01

#############################################################################################################################
# Astat
#############################################################################################################################

At DZ-MOLOPT-PBE-GTH-q7 DZ-MOLOPT-GGA-GTH-q7
 1
 2 0 1 5 2 2
         1.61836234116518    -3.83848155401172E-01    -3.04225776753543E-01    -1.55126690862641E-01    -2.77836421874645E-01
         1.37634627768430     5.53252339401528E-01     5.06286650935126E-01     2.85109681992084E-01     4.45326225262260E-01
         0.46640659264684     1.31373197493516E-01    -5.15572386032355E-01    -1.89876786729200E-01    -1.68497072636014E-01
         0.20648507818133    -5.91149153282079E-01     1.19858799279202E-01    -5.13023178785625E-01    -5.49894440475248E-01
         0.07472162490667     4.24094569755456E-01    -6.09048016858974E-01    -7.71623096405535E-01     6.27468179767762E-01

#############################################################################################################################
# Radon
#############################################################################################################################

Rn DZ-MOLOPT-PBE-GTH-q8 DZ-MOLOPT-GGA-GTH-q8
 1
 2 0 1 4 2 2
         1.85687190777427    -4.60216404411063E-01    -4.66817005088422E-01    -4.23769765991498E-01    -8.48250419926953E-02
         1.63653001685247     8.18206686031667E-01    -5.06424819987775E-01     5.59121049341645E-01     1.67252884286955E-01
         0.30650314194320    -3.44232771930311E-01    -5.58718135767032E-01    -5.57702024477237E-01    -4.58715586933743E-01
         0.10319282589091    -1.55717299361310E-02    -4.62006309724919E-01     4.43589099853231E-01    -8.68568474705745E-01


