#     Atom    Zcore   Zval    NC    NPS  NPP  NPD  NPF   Exponent              Cutoff
#   1  H          0      1     2      0    0    0    0   9.58664174435792         400
#   2  He         0      2     2      0    0    0    0  38.83834951325591         800
#   3  Li         2      1     2      1    1    0    0   1.06083469848181         240
#   3  Li         0      3     4      0    0    0    0   7.13002679057289         360
#   4  Be         2      2     2      1    1    0    0   1.58665396921818         240
#   4  Be         0      4     4      0    0    0    0  15.02090627119885         500
#   5  B          2      3     2      1    0    0    0   3.57523327572698         240
#   6  C          2      4     2      1    0    0    0   5.59901014838892         300
#   7  N          2      5     2      1    0    0    0   7.67729137915484         360
#   8  O          2      6     2      1    0    0    0  10.27704242406505         400
#   9  F          2      7     2      1    0    0    0  13.23012792425667         500
#  10  Ne         2      8     3      2    1    0    0  23.44931735321249         700
#  11  Na        10      1     1      2    1    0    0   0.55937327280667         240
#  11  Na         2      9     2      1    1    0    0  23.79081214840574         700
#  12  Mg         2     10     2      1    1    0    0  30.66511264805410         800
#  13  Al        10      3     1      2    1    0    0   0.93255672866082         240
#  14  Si        10      4     1      2    1    0    0   1.22572561638461         240
#  15  P         10      5     1      2    1    0    0   1.52997442810250         240
#  16  S         10      6     1      2    1    0    0   1.90928473004308         240
#  17  Cl        10      7     1      2    1    0    0   1.99824811943664         240
#  18  Ar        10      8     1      2    1    0    0  24.19812352591251         700
#  19  K         10      9     2      2    2    0    0   2.48747977586520         240
#  20  Ca        10     10     2      2    2    1    0   9.79125362187315         400
#  21  Sc        10     11     2      2    2    1    0   7.68617053468943         360
#  22  Ti        10     12     2      2    2    1    0   7.52813617037931         360
#  23  V         10     13     2      2    2    1    0   7.33442219698472         360
#  24  Cr        10     14     2      2    2    1    0   7.37510391225826         360
#  25  Mn        10     15     2      2    2    1    0   7.84483957911887         360
#  26  Fe        10     16     2      2    2    1    0   8.43104761335522         400
#  27  Co        10     17     2      2    2    1    0  15.00154284460954         500
#  28  Ni        10     18     2      2    2    1    0  11.73669475001206         420
#  29  Cu        18     11     0      3    2    1    0   5.66855211121182         300
#  30  Zn        18     12     0      3    2    1    0   6.10427458848288         360
#  31  Ga        18     13     0      3    2    1    0   6.93181143582740         360
#  32  Ge        28      4     0      3    2    1    0   2.75634750692346         240
#  33  As        28      5     0      3    2    1    0   1.10333649844658         240
#  34  Se        28      6     2      3    2    1    0   1.24306159868882         240
#  35  Br        28      7     1      3    2    1    0   1.47688721179527         240
#  36  Kr        28      8     0      3    2    1    0   1.80739894788004         240
#  37  Rb        28      9     2      2    2    1    0   6.90121659211506         360
#  38  Sr        28     10     2      2    2    1    0  10.39733503372807         400
#  39  Y         28     11     3      2    2    2    0   7.29480259598065         360
#  40  Zr        28     12     2      2    2    2    0   8.13709684689048         360
#  41  Nb        28     13     2      2    2    2    0   1.95586685729238         240
#  42  Mo        28     14     2      2    2    2    0   2.54468372351744         240
#  43  Tc        28     15     2      2    2    2    0   6.23837648125976         360
#  44  Ru        28     16     2      2    2    2    0   5.55717651507857         300
#  45  Rh        28     17     2      2    2    2    0   5.19623074199323         300
#  46  Pd        28     18     2      2    2    2    0   5.93941157519078         300
#  47  Ag        36     11     1      3    2    2    0   2.49528137825139         240
#  48  Cd        37     12     1      3    2    2    0   2.55560482126396         240
#  49  In        36     13     1      3    2    2    0   2.94392847621039         240
#  50  Sn        46      4     1      3    2    1    0   0.59961172890850         240
#  51  Sb        46      5     1      3    2    1    0   0.67154457439573         240
#  52  Te        46      6     1      3    2    1    0   1.50205839327801         240
#  53  I         46      7     1      3    2    1    0   0.86721959599302         240
#  54  Xe        46      8     1      3    2    1    0   0.91002149819418         240
#  55  Cs        46      9     2      2    2    1    1   2.03586659984989         240
#  56  Ba        46     10     2      2    2    1    1   3.24121264117369         240
#  57  La        46     11     3      2    2    1    1   2.6                      240
#  58  Ce        46     12     2      2    2    1    1   4.3                      300
#  72  Hf        60     12     2      3    2    2    0   2.17604186552827         240
#  73  Ta        60     13     2      3    2    2    0   3.28440558552247         240
#  74  W         60     14     2      3    2    2    0   3.20263659299056         240
#  74  Re        60     15     2      3    2    2    0   3.50766368420562         240
#  76  Os        60     16     2      3    2    2    0   3.44583669179052         240
#  77  Ir        60     17     2      3    2    2    0   3.44794264252380         240
#  78  Pt        60     18     2      3    2    2    0   5.86505335913478         300
#  79  Au        68     11     1      2    2    2    0   1.83085678209038         240
#  80  Hg        68     12     1      2    2    2    0   3.00212418041577         240
#  81  Tl        68     13     1      2    2    2    0   2.49069689764632         240
#  82  Pb        78      4     1      3    2    1    0   1.16627856611620         240
#  83  Bi        78      5     1      3    2    1    0   1.47627858007351         240
#  84  Po        78      6     1      3    2    1    0   1.53095741824455         240
#  85  At        78      7     1      3    2    1    0   1.61836234116518         240
#  86  Rn        78      8     1      3    2    1    0   1.85687190777427         240
#
