#
#            GTH POTENTIALS OPTIMIZED USING THE UZH PROTOCOL
################################################################################
#
# HISTORY:
#     Version 1.0 May 2021        PBE:GGA
#                                 SCAN:MGGA
#                                 PBE0:HYB
#
################################################################################
#
H GTH-PBE-q1 GTH-GGA-q1
    1    0    0    0
    0.20059317301776       2   -4.17806832477260    0.72440924243368
       0

He GTH-PBE-q2 GTH-GGA-q2
    2    0    0    0
    0.20022404942891       2   -9.12178553908842    1.70270770000000
       0

Li GTH-PBE-q3 GTH-GGA-q3
    3    0    0    0
    0.39974689389843       4  -14.08569603396104    9.62527816589569   -1.78397425699384    0.08536639361994
       0

Be GTH-PBE-q4 GTH-GGA-q4
    4    0    0    0
    0.32500000    4   -24.06746684    17.27902186    -3.33910629     0.16554912
       0

B  GTH-PBE-q3 GTH-GGA-q3
    2    1    0    0
    0.41933997587890       2   -5.86191229508319    0.90121832386465
       1
    0.37142700710605       1    6.29549660750693

C  GTH-PBE-q4 GTH-GGA-q4
    2    2    0    0
    0.33855479630051       2   -8.80455195420776    1.33837678314185
       1
    0.30260967537284       1    9.62286249628669

N  GTH-PBE-q5 GTH-GGA-q5
    2    3    0    0
    0.28382600053810       2  -12.41517350030142    1.86813618209744
       1
    0.25541754972811       1   13.63124869974610

O  GTH-PBE-q6 GTH-GGA-q6
    2    4    0    0
    0.24446328480160       2  -16.67548222363837    2.48908598241780
       1
    0.22097110943471       1   18.33446866406285

F  GTH-PBE-q7 GTH-GGA-q7
    2    5    0    0
    0.21479316936968       2  -21.58300901453493    3.20216220386167
       1
    0.19468879402416       1   23.74521662930821

Ne GTH-PBE-q8 GTH-GGA-q8
    2    6    0    0
    0.19013599957922       2  -27.11394809602904    4.36380616652624
       2
    0.17606810618356       2   28.17757050106910    0.83365740579601
                                                   -1.07616503335814
    0.19546571702831       1   -0.23610573844687

Na GTH-PBE-q9 GTH-GGA-q9
    3    6    0    0
    0.23296140238087       2    0.43081460447765   -0.17323684620337
       2
    0.13516234623340       1   34.49180830194931
    0.13741951518736       1  -14.19565216137256

Mg GTH-PBE-q10 GTH-GGA-q10
    4    6    0    0
    0.19268680878649       2  -20.56735568413243    3.01468273390367
       2
    0.14143376289344       1   41.04421929517378
    0.10299829256128       1   -9.98068177850598

Al GTH-PBE-q3 GTH-GGA-q3
    2    1    0    0
    0.45000971106835       1   -7.55644997237063
       2
    0.48744057136206       2    6.96008533256047   -1.88883535944668
                                                    2.43848344694845
    0.56227366274780       1    1.86536320212543

Si GTH-PBE-q4 GTH-GGA-q4
    2    2    0    0
    0.43998262317118       1   -6.26927043053227
       2
    0.43563454498612       2    8.95185227086162   -2.70627090617658
                                                    3.49378652994003
    0.49795764581723       1    2.43127675905050

P  GTH-PBE-q5 GTH-GGA-q5
    2    3    0    0
    0.43012669649143       1   -5.86287518298666
       2
    0.39637888452875       2   11.00906770730470   -3.47035684155994
                                                    4.48022986756746
    0.44829365978602       1    3.05605781307263

S  GTH-PBE-q6 GTH-GGA-q6
    2    4    0    0
    0.42011499303898       1   -5.97478038621959
       2
    0.36482480920276       2   13.14466044740433   -4.24182995427252
                                                    5.47617796846414
    0.40947908948436       1    3.70086987060604

Cl GTH-PBE-q7 GTH-GGA-q7
    2    5    0    0
    0.41014709847563       1   -6.37852110217338
       2
    0.33955269964986       2   15.21928658839746   -4.93452228977013
                                                    6.37068300920447
    0.37848905310802       1    4.33859776816808

Ar GTH-PBE-q8 GTH-GGA-q8
    2    6    0    0
    0.40003082668805       1   -7.08796199095755
       2
    0.31882882990174       2   17.25258480082010   -5.58549698978039
                                                    7.21031819907047
    0.35335630753415       1    4.97482100660240

K GTH-PBE-q9 GTH-GGA-q9
    3    6    0    0
    0.37828551225159       2   -3.35932360613487   -1.19680769644375
       2
    0.30609406114341       2   17.85061720191024   -5.62264552139477
                                                    7.23207571392262
    0.31654876141502       2    7.33295925178235   -2.46094539979815
                                                    2.90598721866541

Ca GTH-PBE-q10 GTH-GGA-q10
    4    6    0    0
    0.36524646201469       2   -4.18040066698547   -1.68878492024640
       3
    0.28988798370645       2   20.50114819545028   -7.12978488930349
                                                    9.14328142165610
    0.32689189928945       2    5.80289305812489   -0.42875330696042
                                                    0.48639233785097
    0.67993690959315       1    0.05846459767069

Sc GTH-PBE-q11 GTH-GGA-q11
    4    6    1    0
    0.38468370724826       2    8.11021422529787   -0.53385195979165
       3
    0.34957207498001       2    2.50174144479574    3.02108748442901
                                                   -3.57655528595616
    0.24663487595765       2   -2.65589463341298    7.99214104195327
                                                   -9.47619020823247
    0.25330865162908       1   -8.16623763981319

Ti GTH-PBE-q12 GTH-GGA-q12
    4    6    2    0
    0.38097286357879       2    8.68659831152899   -0.68774118621651
       3
    0.32537371252881       2    2.47579655275489    3.69297477008464
                                                   -4.47929414987791
    0.25088595622319       2   -4.62011226709455    8.87087644821252
                                                  -10.49595666492710
    0.24351373245092       1   -9.41083076269157

V GTH-PBE-q13 GTH-GGA-q13
    4    6    3    0
    0.37641872504943       2    7.47748881401041   -0.35387469725804
       3
    0.31505477601889       2    1.84650553894107    4.72569292609974
                                                   -5.76080373467499
    0.25541695900759       2   -5.96409544523639    9.35863892152170
                                                  -11.05915081773653
    0.24209171586454       1   -9.49854318810419

Cr GTH-PBE-q14 GTH-GGA-q14
    3    6    5    0
    0.37957575700376       2    5.69678153987886   -0.68352736878977
       3
    0.30439697116494       2    2.62564157895966    4.97446376305941
                                                   -6.00479573769163
    0.27402405337043       2   -4.47957335909451    7.33141313978583
                                                   -8.69275021375262
    0.22072040293475       1  -11.19814856719992

Mn GTH-PBE-q15 GTH-GGA-q15
    4    6    5    0
    0.36641590922752       2    6.13970150379342   -0.36299774012937
       3
    0.28640937605397       2    1.72800853849084    6.35684048598293
                                                   -7.85279837367807
    0.26076415374724       2   -6.46639876623956    7.98335919129245
                                                   -9.45213821969616
    0.22306533503374       1  -11.61725556786636

Fe GTH-PBE-q16 GTH-GGA-q16
    4    6    6    0
    0.35995327161394       2    6.77089340472311   -0.19302363970878
       3
    0.27176718262559       2    0.57493731608079    7.91313536575066
                                                  -10.00782096686501
    0.25503930918596       2   -7.89264568445203    7.69707832352137
                                                   -9.14331139080110
    0.22321053924521       1  -12.41029471698018

Co GTH-PBE-q17 GTH-GGA-q17
    4    6    7    0
    0.35394391509658       2    4.79914343273141    0.49324305254081
       3
    0.26758094349957       2   -0.61124316998119    9.28629490076142
                                                  -11.64931705150696
    0.27295847106250       2   -6.84426538374141    5.68013248395456
                                                   -6.72465867253893
    0.22314315998922       1  -12.34819834673898

Ni GTH-PBE-q18 GTH-GGA-q18
    4    6    8    0
    0.34939834379447       2    2.08510336589903    0.67020363652443
       3
    0.25550104120769       2    0.50560390405719    9.97022948448951
                                                  -12.57514455312280
    0.22820359935637       2  -11.13219934804302   12.42956606153426
                                                  -14.78471118703100
    0.21572227658296       1  -12.63218752117774

Cu GTH-PBE-q11 GTH-GGA-q11
    2    0    9    0
    0.52782421276330       0
       3
    0.43181572668166       3    9.70218785153882   -6.47017476933493    1.93596474249715
                                                   11.49082962684827   -4.99861677145424
                                                                        3.99192984029648
    0.56225402421822       2    2.54391715302876   -0.78463413975499
                                                    0.92856354506234
    0.26333080209316       1  -12.83433142086708

Zn GTH-PBE-q12 GTH-GGA-q12
    2    0   10    0
    0.50916713708677       0
       3
    0.40068744515277       3   11.47782158815348   -8.79188703733081    3.14507900374565
                                                   16.45310958575381   -8.12057360393503
                                                                        6.44596685823075
    0.54253086895414       2    2.59796569879727   -0.59408489961756
                                                    0.70405472163533
    0.25073469815384       1  -14.48477735428372

Ga GTH-PBE-q13 GTH-GGA-q13
    2    1   10    0
    0.49000018487159       0
       3
    0.41677483095310       3   10.48679119269639   -4.92176814704009    0.87070493953275
                                                    7.77018207637078   -2.24815160599927
                                                                        1.78441528219626
    0.56962661099353       2    1.77860037827899    0.19586036552562
                                                   -0.23168154587648
    0.23814730101676       1  -16.24818353736915

Ge GTH-PBE-q4 GTH-GGA-q4
    2    2    0    0
    0.54044322442644       0
       3
    0.42186518805788       3    7.51023955985005   -0.58810803073412   -1.44797581748367
                                                   -1.59588929848250    3.73865689176280
                                                                       -2.96747742430949
    0.56759893389960       2    0.91388136790900    0.54687584132299
                                                   -0.64703371806713
    0.81395231895643       1    0.19717233173825

As GTH-PBE-q5 GTH-GGA-q5
    2    3    0    0
    0.52057915638833       0
       3
    0.45555065904338       3    5.52084214284863    0.03512251760777   -1.06108244081564
                                                   -1.77117452304219    2.73970276540646
                                                                       -2.17455768115837
    0.55466054325102       2    1.02179727399366    0.62920826977111
                                                   -0.74448826753111
    0.70372111944410       1    0.31479065140615

Se GTH-PBE-q6 GTH-GGA-q6
    2    4    0    0
    0.51043991793442       0
       3
    0.43245998840836       3    6.51833166554326   -0.22271636569302   -1.19612927990445
                                                   -1.65795825623511    3.08839121879388
                                                                       -2.45131941777803
    0.47050486240343       2    2.28125966692975    0.36533517772229
                                                   -0.43228927118996
    0.62563043874748       1    0.43980038866710

Br GTH-PBE-q7 GTH-GGA-q7
    2    5    0    0
    0.50043989866287       0
       3
    0.43803903073908       3    6.07875611887611    0.33049815877084   -1.23838211867381
                                                   -2.44088400076125    3.19748911625184
                                                                       -2.53792839112037
    0.45313593209634       2    2.45929974384269    0.52275298494798
                                                   -0.61854396890017
    0.56777130229371       1    0.55927379795671

Kr GTH-PBE-q8 GTH-GGA-q8
    2    6    0    0
    0.50029677851914       0
       3
    0.42164479069135       3    6.46530260080934    0.53866315340543   -1.50260304552319
                                                   -3.13841476886350    3.87970026726119
                                                                       -3.07933983928845
    0.43375888856227       2    2.60158915168305    0.70510980573326
                                                   -0.83424940295799
    0.52471354156774       1    0.63559427120043

Rb GTH-PBE-q9 GTH-GGA-q9
    3    6    0    0
    0.48617429947803       2    5.70296411330651   -0.71170209156024
       3
    0.28150513546306       2   21.34091101655960   -8.07865928422600
                                                   10.38840636928863
    0.28490138562562       2   12.23050595592432  -12.19854525718927
                                                   14.41342556082242
    0.54202635836156       1    0.34111664445815

Sr GTH-PBE-q10 GTH-GGA-q10
    4    6    0    0
    0.47765168107551       2    6.82227201993620   -1.00236824791386
       3
    0.27304665035246       2   21.28863616643056   -7.89903409038538
                                                   10.13240059632678
    0.27680021499500       2   11.70899498697911  -10.96577696002774
                                                   12.96957717928967
    0.52105240777773       1    0.31142257640518

Y GTH-PBE-q11 GTH-GGA-q11
    4    6    1    0
    0.47521249763118       3   12.16506643766797   -2.10060665355339    0.00092125791721
       3
    0.24381612936440       2   23.00359309238451   -8.32539402036272
                                                   10.41630594484528
    0.29006447645718       2    5.87600484526030   -5.85235251565819
                                                    6.80606382880322
    0.41264211296275       2    1.17831285866111   -1.31883853289000
                                                    1.48214304799188

Zr GTH-PBE-q12 GTH-GGA-q12
    4    6    2    0
    0.47694641755903       2    7.79742523092310   -1.67709779189654
       3
    0.25756497421804       2   23.36396378383548   -8.57193367896036
                                                   10.81667532812854
    0.28360599528353       2    8.58671920915688   -5.37735478370672
                                                    6.33778986620046
    0.56758608564471       2    0.02520195025966    0.27685105730968
                                                   -0.31987782708566

Nb GTH-PBE-q13 GTH-GGA-q13
    3    6    4    0
    0.46193928874717       2   26.35584454359010   -4.54235040071825
       3
    0.32679009798213       2   -1.16268926041311    3.27790484775008
                                                   -4.28143271802370
    0.40477619119613       2   -0.65418650633667   -0.90782841851359
                                                    1.07487290473565
    0.42216961872906       2    1.49420794704508   -3.43004011345955
                                                    3.88772884167724

Mo GTH-PBE-q14 GTH-GGA-q14
    3    6    5    0
    0.43269124607222       2   28.60142253087497   -4.72827637244981
       3
    0.31953693634010       2    0.15423252170296    2.76200531525828
                                                   -3.51903678061458
    0.41717169738306       2   -0.19100103205484   -0.72874389681268
                                                    0.86195275686485
    0.42055432980468       2    1.21684009942749   -2.68646280475183
                                                    3.04611542415121

Tc GTH-PBE-q15 GTH-GGA-q15
    3    6    6    0
    0.43721644512346       2   27.29653397796867   -4.72552670391573
       3
    0.32615666058292       2   -0.41968478854666    3.34056628892645
                                                   -4.31833760633481
    0.42313510239602       2   -0.23350345030063   -0.82215007246801
                                                    0.93080903296711
    0.43205840758083       2    1.21880484304639   -2.67400907752671
                                                    3.03147583196623

Ru GTH-PBE-q16 GTH-GGA-q16
    3    6    7    0
    0.43918441441272       2   26.81649010551282   -4.89670391867530
       3
    0.33699359194146       2   -0.53432109769172    3.71548972760564
                                                   -4.79651890252907
    0.42862783168872       2    0.07418691281860   -1.27757217669527
                                                    1.44020483116818
    0.43845680703130       2    1.50938983158373   -2.94305410943573
                                                    3.33766821736919


Rh GTH-PBE-q17 GTH-GGA-q17
    3    6    8    0
    0.43435196037636       2   26.14714887801139   -5.03996588212625
       3
    0.32491593050640       2   -0.45499896222467    3.89280468032693
                                                   -4.99846661896745
    0.37934932517191       2   -0.94080803780523   -0.00569621037169
                                                   -0.04938096202117
    0.43379385023691       2    1.57142666022752   -3.01216537417184
                                                    3.41367838075369

Pd GTH-PBE-q18 GTH-GGA-q18
    2    6   10    0
    0.42084260775221       2   26.78788415811240   -5.01006317925506
       3
    0.31904501163841       2   -0.71765903953884    4.38486684371755
                                                   -5.59637764912603
    0.41680525150703       2   -0.04643789182114   -1.07795231204756
                                                    1.17936322086522
    0.44030428787752       2    1.62430750482450   -3.09368798866474
                                                    3.50188045227054

Ag GTH-PBE-q11 GTH-GGA-q11
    1    0   10    0
    0.57261106306598       1   -0.09385803385303
       3
    0.52717234953960       3    9.59197051473697   -5.27424307477601    0.99704951215170
                                                    8.43011315537666   -2.57436731901903
                                                                        2.02769689464872
    0.62063433152651       2    3.90685516526208   -1.68549606211171
                                                    2.06129973086099
    0.39996164126406       2   -2.69173032638784   -0.43354834309660
                                                    0.39191108950052

Cd GTH-PBE-q12 GTH-GGA-q12
    2    0   10    0
    0.55000014916168       1    3.63437384912810
       3
    0.49128675036894       3   10.16654350470183   -6.50695434902271    1.80457628739379
                                                   11.33578922824891   -4.65939709281301
                                                                        3.69827946048494
    0.59971049963034       2    4.01376053784337   -1.88394182894611
                                                    2.22909552480761
    0.37787244052321       2   -6.13702290143847    1.53571057086857
                                                   -1.74131925421731


In GTH-PBE-q13 GTH-GGA-q13
    2    1   10    0
    0.52993354955541       1    3.32488065782955
       3
    0.47949939313569       3   11.16240272580300   -6.57350900749623    1.50686364061574
                                                   10.93795866406970   -3.89070374273433
                                                                        3.08815175143900
    0.56993704255735       2    4.70112873862856   -2.21706225946605
                                                    2.62400751172658
    0.37706850008770       2   -4.00228599062278   -0.84012847449648
                                                    0.95261161779647

Sn GTH-PBE-q4 GTH-GGA-q4
    2    2    0    0
    0.60500000000003       1    6.27442191905600
       3
    0.56643732000000       3    1.57164411773465    1.47004117833081   -1.17857665077102
                                                   -3.81477012999935    3.04307192999850
                                                                       -2.41536346999667
    0.64205896910888       2    0.52689769000000    0.40325781074377
                                                   -0.47714106999951
    0.99094149595510       1    0.19914139000045


Sb GTH-PBE-q5 GTH-GGA-q5
    2    3    0    0
    0.58999979470812       1    7.93902140221844
       3
    0.55613638191086       3    1.43085258971511    1.26142607952191   -0.92323354402344
                                                   -3.13013426699289    2.38377814897866
                                                                       -1.89206627373718
    0.62283165585799       2    0.56147246674331    0.30484495316684
                                                   -0.36070008513226
    0.88948669176976       1    0.27086902636039

Te GTH-PBE-q6 GTH-GGA-q6
    2    4    0    0
    0.57499960827078       1    8.72368706012866
       3
    0.57492341611401       3    1.40181563132861    0.97877816269170   -0.48630683205186
                                                   -2.05456930974358    1.25563630639667
                                                                       -0.99662898245875
    0.58988946210054       2    0.76479340065912    0.32398561529281
                                                   -0.38334828055411
    0.81339084269600       1    0.34486817810557

I GTH-PBE-q7 GTH-GGA-q7
    2    5    0    0
    0.56000025678691       1    8.21775094026508
       3
    0.53192887671737       3    2.30815100943733    1.00390943945418   -0.95915634381460
                                                   -2.85562978479759    2.47652990794884
                                                                       -1.96583009396094
    0.58918228402629       2    0.90648148475635    0.42507077708561
                                                   -0.50295137419776
    0.73972340009943       1    0.47919828636837

Xe GTH-PBE-q8 GTH-GGA-q8
    2    6    0    0
    0.55999978977226       1    8.04654021234313
       3
    0.53049437237455       3    2.23338415986291    1.20035962244853   -0.99850057340096
                                                   -3.17371586582808    2.57811034253054
                                                                       -2.04631376349586
    0.58177413879504       2    0.79697870334835    0.59123278015708
                                                   -0.69955679708249
    0.68554488502027       1    0.56019287733350

Cs GTH-PBE-q9 GTH-GGA-q9
    3    6    0    0
    0.53944335394382       2   33.31969122483321   -2.85337047076807
       4
    0.45978006423604       2   -3.32830803861085    2.45566156055806
                                                   -3.18729000144995
    0.36609196616057       2   -5.00460606725369    0.84038831941436
                                                   -0.99685801255397
    0.76969104807320       1    0.19821688580867
    0.59703916986641       1   -1.55046984390113


Ba GTH-PBE-q10 GTH-GGA-q10
    4    6    0    0
    0.54038307041929       2   24.46539457949801   -2.41348621574362
       4
    0.47770326922279       2    0.04814339385326    1.16931875840414
                                                   -1.50842675052553
    0.39167953554791       2    0.80011854704033   -1.61683825260533
                                                    1.91310822586182
    0.67230861554601       1    0.38975653861904
    0.30050814470980       1  -19.65383475813038

La GTH-PBE-q11  GTH-GGA-q11
4 6 1 0
0.536621886 2  20.187083390   -1.461153313
4
0.541927081 2   1.342431782    0.450502384
                              -1.181781197
0.478778498 3   0.979802043    0.376291820   0.008876396
                              -0.824267358  -0.021005386
                                             0.029857280
0.626441601 1   0.328796868
0.300352697 1 -18.352319697

Ce GTH-PBE-q12 GTH-GGA-q12
4 6 1 1
0.539004680 2  18.85114190    -0.77960224
4
0.498081460 2   1.19529290     0.62204575
                              -1.62871685
0.47069322  2   1.18088300     0.55487102
                              -1.53066452
0.65606409  1   0.07990999
0.30705426  1 -17.32458585

Hf GTH-PBE-q12 GTH-GGA-q12
    4    6    2    0
    0.56104584991073       2   15.52441895911770   -2.44359764404271
       3
    0.31610959385821       3  -10.88833254410283   27.37264686740678  -14.96157008223626
                                                  -59.66723268080275   38.63060632647993
                                                                      -30.65365852239080
    0.36211303239813       2   -9.66062285551301    9.22329770081851
                                                  -10.92450949781973
    0.41581967799850       2   -2.74881235933205    0.48133466221167
                                                   -0.54577663673036


Ta GTH-PBE-q13 GTH-GGA-q13
    4    6    3    0
    0.55027657278865       2   13.38035965413466   -2.25039896701601
       3
    0.40094613481491       3   -4.44484786185763    4.17648757401039    1.87560622056796
                                                   -2.33116128460642   -4.84279804959171
                                                                        3.84364966417834
    0.35653341763458       2   -7.60711561589237    8.17895445633630
                                                   -9.67753732503080
    0.41824979312172       2   -1.11368795387230   -0.87533083880794
                                                    0.99252634597901

W GTH-PBE-q14 GTH-GGA-q14
    4    6    4    0
    0.54032790699941       2   13.41930944764708   -2.21085137109861
       3
    0.39747880977370       3   -4.13184905031361    3.83542682090715    2.23317857859534
                                                   -1.31924200722531   -5.76604829819912
                                                                        4.57661016261964
    0.35193023903637       2   -7.46973298850924    8.11232651729238
                                                   -9.59979561243089
    0.41211374669306       2   -0.95464288303456   -1.06745295482892
                                                    1.21037676967506

Re GTH-PBE-q15 GTH-GGA-q15
    4    6    5    0
    0.53017388789049       2   13.45917310252137   -2.22872926275259
       3
    0.39423999582801       3   -3.70147628816915    3.15477784575602    2.85593352060819
                                                    0.57236475557394   -7.37399483431220
                                                                        5.85292975738002
    0.34973460901417       2   -7.06224748964019    7.56676096282495
                                                   -8.95380156912976
    0.40185601535088       2   -0.90016084448918   -1.14916799481408
                                                    1.30302480471966

Os GTH-PBE-q16 GTH-GGA-q16
    4    6    6    0
    0.52039846769278       2   13.45877358523923   -2.23090394813020
       3
    0.39094945565261       3   -3.26632823361263    2.36003424177637    3.61101659954542
                                                    2.82667602919905   -9.32361914522384
                                                                        7.40035576066489
    0.34638466882807       2   -6.89299816449322    7.52931888990526
                                                   -8.90168388446201
    0.39286112196292       2   -0.94268217258375   -1.08157041201650
                                                    1.22704304876132

Ir GTH-PBE-q17 GTH-GGA-q17
    4    6    7    0
    0.51061140836480       2   13.41757109970722   -2.33843822555249
       3
    0.38849849487784       3   -2.52569836292839    1.05517486211889    4.67506882054885
                                                    6.24179885908026  -12.07095778587441
                                                                        9.58005666446976
    0.33969526297806       2   -6.52123539987241    7.35318507764368
                                                   -8.70023331878484
    0.37884277633614       2   -0.85596319997352   -1.17534828590223
                                                    1.33284421249476

Pt GTH-PBE-q18 GTH-GGA-q18
    3    6    9    0
    0.50023834323855       2    8.80761682949933   -0.29224695728328
       3
    0.29800450113165       3   -5.96986332819754   24.21289965999992  -13.78967804212236
                                                  -53.68763413000000   35.60479890000057
                                                                      -28.26151565156513
    0.36058361183697       3   -6.67487820215815    7.17066020916068    0.76690369999558
                                                   -7.20698813982077   -1.81482537999368
                                                                        1.29035948697583
    0.34053295964396       2   -8.58990455000000    9.41012199999454
                                                  -10.68007537015553

Au GTH-PBE-q11 GTH-GGA-q11
    1    0   10    0
    0.59065486855475       1   11.69462234827740
       3
    0.52138453813799       2    2.71159081846225   -1.04613450095615
                                                    2.89865600996397
    0.63316930086754       2    0.42933680608307   -0.86956740369951
                                                    2.07628710648111
    0.43686196135570       2   -4.71920045748088    0.72777076344627
                                                   -1.72305655837391

Hg GTH-PBE-q12 GTH-GGA-q12
    2    0   10    0
    0.57002208444097       1    8.47949827849970
       3
    0.53001253551471       2    7.39361296292855   -2.96994050875310
                                                    3.84452565363734
    0.63556842061258       2    3.55852581957466   -1.72287674636409
                                                    2.03865553622616
    0.40797682821211       2   -8.61399795608438    5.00756086961398
                                                   -5.67812785837039

Tl GTH-PBE-q13 GTH-GGA-q13
    2    1   10    0
    0.54999550045939       1   12.29118074476246
       3
    0.51284858606285       2    7.19025401817334   -2.86301028175940
                                                    3.70720598247492
    0.57715753247504       2    4.75103861165314   -3.67332525750975
                                                    4.34635472033365
    0.39327790343274       2  -11.01269475661979    6.42159210528649
                                                   -7.28142395497986

Pb GTH-PBE-q4 GTH-GGA-q4
    2    2    0    0
    0.63317721197332       1    0.78054114137266
       3
    0.71106631029872       3    1.98843169841181    0.06388669950676   -0.19665749366026
                                                   -0.14892236105655    0.50776961865513
                                                                       -0.77933946955902
    0.85316106257631       2    0.89850135178426    0.22860194328578
                                                   -0.50401253719938
    0.97202986330242       1    0.47585933693281


Bi GTH-PBE-q5 GTH-GGA-q5
    2    3    0    0
    0.61736905464622       1    6.71199917769009
       3
    0.67890038254930       3    1.37759219138783    0.19895422872228   -0.11491882888985
                                                   -0.49270281735523    0.29671890363934
                                                                       -0.46103006555318
    0.80532684035722       2    0.67940706072334    0.17027045767487
                                                   -0.37504466752136
    0.93474620450667       1    0.39652821525100


Po GTH-PBE-q6 GTH-GGA-q6
    2    4    0    0
    0.59217016730606       1    8.13704931131590
       3
    0.80444131055489       3    0.32637368116881    0.10539948857431    0.52809473562354
                                                    0.72287184614558   -1.36353411661414
                                                                        1.08205382750946
    0.81671655438584       2    0.15719244102117    0.37530255370872
                                                   -0.44445995988105
    0.89008358737875       1    0.45789763178724

At GTH-PBE-q7 GTH-GGA-q7
    2    5    0    0
    0.57989357524317       1   14.20632541059481
       3
    0.66675653736708       3   -0.37880997743481    0.66112652290319    0.27884894390549
                                                   -0.40003332139879   -0.71998576260609
                                                                        0.57149689364016
    0.65204262719196       2    0.25551508341253    0.32622840672289
                                                   -0.38704123227337
    0.85407429368808       1    0.45049925686367

Rn GTH-PBE-q8 GTH-GGA-q8
    2    6    0    0
    0.56976147373000       1   16.19009439432345
       3
    0.63514392700915       3   -0.58189191375165    0.80312813544374    0.29738582062557
                                                   -0.55309026994603   -0.76784718792168
                                                                        0.60945600102367
    0.64730208494156       2    0.15828567264304    0.30517346268024
                                                   -0.36280933601011
    0.80549395111977       1    0.51078708742816

